4.7423
0.0584448
0.0291074
0.0303649
0.0340704
0.0388964
0.0444676
0.0507632
0.0578206
0.0656438
0.0741759
0.0833144
0.0929483
0.102999
0.113442
0.124311
0.135657
0.147498
0.159768
0.172305
0.184885
0.197267
0.209233
0.220606
0.231258
0.241105
0.2501
0.258227
0.265494
0.271922
0.277547
0.282411
0.286559
0.290041
0.292905
0.2952
0.296972
0.298266
0.299124
0.299589
0.299696
0.299482
0.298979
0.298219
0.297229
0.296037
0.294666
0.293138
0.291475
0.289696
0.287817
0.285854
0.283822
0.281735
0.279603
0.277438
0.27525
0.273048
0.270839
0.268631
0.26643
0.264242
0.262071
0.259923
0.257801
0.255709
0.253649
0.251625
0.249637
0.247689
0.245782
0.243916
0.242093
0.240314
0.238579
0.236889
0.235244
0.233643
0.232088
0.230577
0.229111
0.22769
0.226312
0.224978
0.223687
0.222439
0.221233
0.220069
0.218945
0.217863
0.21682
0.215816
0.214852
0.213926
0.213037
0.212186
0.211371
0.210593
0.20985
0.209143
0.178556
0.181218
0.184519
0.187827
0.191122
0.194393
0.197631
0.200829
0.203982
0.207084
0.21013
0.213118
0.216045
0.218906
0.2217
0.224424
0.227077
0.229655
0.232157
0.234581
0.236925
0.239188
0.241367
0.243462
0.245471
0.247392
0.249224
0.250965
0.252615
0.254173
0.255636
0.257004
0.258276
0.259451
0.260528
0.261506
0.262384
0.263161
0.263838
0.264412
0.264883
0.265251
0.265516
0.265675
0.26573
0.26568
0.265524
0.265261
0.264892
0.264417
0.263834
0.263145
0.262347
0.261443
0.260431
0.259311
0.258085
0.25675
0.255309
0.25376
0.252104
0.250343
0.248475
0.246501
0.244423
0.24224
0.239953
0.237564
0.235073
0.232482
0.229791
0.227002
0.224117
0.221137
0.218065
0.214902
0.211652
0.208317
0.2049
0.201405
0.197836
0.194197
0.190495
0.186735
0.182923
0.179069
0.175181
0.171271
0.167352
0.16344
0.159553
0.155715
0.151955
0.148306
0.144808
0.14151
0.138461
0.135713
0.133308
0.131273
0.0860387
0.0950516
0.10185
0.107988
0.113524
0.118518
0.123029
0.127107
0.130799
0.134144
0.137178
0.139931
0.142431
0.144702
0.146763
0.148635
0.150333
0.151872
0.153264
0.15452
0.155651
0.156666
0.157573
0.158378
0.159088
0.15971
0.160248
0.160706
0.161089
0.161401
0.161645
0.161824
0.161941
0.161998
0.161998
0.161943
0.161834
0.161673
0.161463
0.161203
0.160896
0.160542
0.160143
0.1597
0.159213
0.158684
0.158112
0.1575
0.156848
0.156156
0.155425
0.154656
0.15385
0.153006
0.152126
0.15121
0.15026
0.149275
0.148256
0.147205
0.146121
0.145007
0.143861
0.142686
0.141482
0.140251
0.138992
0.137707
0.136397
0.135063
0.133707
0.132328
0.130929
0.129511
0.128074
0.12662
0.12515
0.123665
0.122167
0.120656
0.119135
0.117605
0.116066
0.11452
0.112969
0.111414
0.109856
0.108296
0.106737
0.10518
0.103625
0.102076
0.100533
0.098999
0.0974751
0.0959638
0.0944675
0.0929888
0.0915308
0.0900968
0.0963524
0.0958681
0.0951433
0.0945221
0.0939903
0.0935331
0.0931381
0.0927954
0.0924967
0.0922349
0.0920045
0.0918007
0.0916195
0.0914576
0.0913124
0.0911813
0.0910626
0.0909544
0.0908555
0.0907645
0.0906805
0.0906025
0.0905299
0.0904619
0.090398
0.0903377
0.0902806
0.0902262
0.0901744
0.0901248
0.0900771
0.0900311
0.0899867
0.0899436
0.0899018
0.0898611
0.0898214
0.0897825
0.0897445
0.0897072
0.0896705
0.0896343
0.0895988
0.0895636
0.089529
0.0894947
0.0894607
0.0894271
0.0893938
0.0893608
0.0893281
0.0892955
0.0892632
0.0892311
0.0891992
0.0891674
0.0891359
0.0891044
0.0890732
0.089042
0.089011
0.0889802
0.0889494
0.0889188
0.0888883
0.0888579
0.0888275
0.0887973
0.0887672
0.0887372
0.0887073
0.0886775
0.0886477
0.0886181
0.0885885
0.0885591
0.0885297
0.0885004
0.0884711
0.088442
0.0884129
0.088384
0.088355
0.0883262
0.0882975
0.0882688
0.0882402
0.0882117
0.0881832
0.0881549
0.0881266
0.0880983
0.0880702
0.0880421
0.0880141
0.0879862
0.0879584
0.0879306
0.0879029
0.0878752
0.381155
0.385491
0.382133
0.378549
0.374624
0.370321
0.365614
0.360482
0.35491
0.348886
0.342401
0.335449
0.328024
0.32012
0.311732
0.302853
0.293474
0.283588
0.273187
0.262268
0.250833
0.238898
0.226498
0.213698
0.200612
0.187419
0.17439
0.161925
0.150574
0.141054
0.134222
0.130989
0.132164
0.138194
0.148893
0.16341
0.180532
0.199013
0.217742
0.235783
0.25238
0.266973
0.279229
0.289083
0.296776
0.302883
0.308305
0.31421
0.321912
0.332678
0.347538
0.367183
0.392003
0.422249
0.458229
0.500511
0.550097
0.608634
0.678677
0.764086
0.870661
1.00717
1.18711
1.43179
1.77617
2.28071
3.05743
4.3328
6.61281
11.1429
21.1427
43.6738
74.5363
31.7103
23.6183
19.4329
211.757
222.002
1800.63
4551.48
6421.5
3842.41
6063.41
8812.19
7561.63
6642.17
2984.77
3040.62
5281.7
2729.13
4209.51
5893.56
5905.25
3609.84
2536.83
4382.34
3245.04
4818.97
6239.68
2069.06
4625.66
