0.000244141
-0.000383495	-0.649599	-0.00076699	1.80061	-0.000564258	0.420511	-2.14719e-05	
-0.00076699	-0.649199	-0.00153398	1.80122	-0.00149632	0.421023	-5.60395e-05	
-0.00115049	-0.648798	-0.00230097	1.80183	-0.00264681	0.421534	-0.000102229	
-0.00153398	-0.648398	-0.00306796	1.80244	-0.00379729	0.422045	-0.000158838	
-0.00191748	-0.647997	-0.00383495	1.80305	-0.00494778	0.422557	-0.000225004	
-0.00230097	-0.647597	-0.00460194	1.80366	-0.00609827	0.423068	-0.000299845	
-0.00268447	-0.647196	-0.00536893	1.80427	-0.00724875	0.423579	-0.000382463	
-0.00306796	-0.646796	-0.00613592	1.80487	-0.00839924	0.424091	-0.000471941	
-0.00345146	-0.646395	-0.00690291	1.80548	-0.00954972	0.424602	-0.000567348	
-0.00383495	-0.645995	-0.0076699	1.80609	-0.0107002	0.425113	-0.000667736	
-0.00421845	-0.645594	-0.00843689	1.8067	-0.0118507	0.425625	-0.000772141	
-0.00460194	-0.645194	-0.00920388	1.80731	-0.0130012	0.426136	-0.000879585	
-0.00498544	-0.644793	-0.00997088	1.80792	-0.0141517	0.426647	-0.000989077	
-0.00536893	-0.644392	-0.0107379	1.80853	-0.0153022	0.427159	-0.00109961	
-0.00575243	-0.643992	-0.0115049	1.80914	-0.0164526	0.42767	-0.00121016	
-0.00613592	-0.643591	-0.0122718	1.80975	-0.0176031	0.428181	-0.00131971	
-0.00651942	-0.643191	-0.0130388	1.81036	-0.0187536	0.428693	-0.00142721	
-0.00690291	-0.64279	-0.0138058	1.81097	-0.0199041	0.429204	-0.0015316	
-0.00728641	-0.64239	-0.0145728	1.81158	-0.0210546	0.429715	-0.00163183	
-0.0076699	-0.641989	-0.0153398	1.81219	-0.0222051	0.430227	-0.00172681	
-0.0080534	-0.641589	-0.0161068	1.8128	-0.0233555	0.430738	-0.00181547	
-0.00843689	-0.641188	-0.0168738	1.81341	-0.024506	0.431249	-0.00189671	
-0.00882039	-0.640788	-0.0176408	1.81401	-0.0256565	0.431761	-0.00196945	
-0.00920388	-0.640387	-0.0184078	1.81462	-0.026807	0.432272	-0.00203256	
-0.00958738	-0.639987	-0.0191748	1.81523	-0.0279575	0.432783	-0.00208495	
-0.00997088	-0.639586	-0.0199418	1.81584	-0.029108	0.433295	-0.00212549	
-0.0103544	-0.639185	-0.0207087	1.81645	-0.0302585	0.433806	-0.00215307	
-0.0107379	-0.638785	-0.0214757	1.81706	-0.0314089	0.434317	-0.00216655	
-0.0111214	-0.638384	-0.0222427	1.81767	-0.0325594	0.434828	-0.00216481	
-0.0115049	-0.638407	-0.0230097	1.81828	-0.0337099	0.43534	-0.00214673	
-0.0118884	-0.638807	-0.0237767	1.81889	-0.0348604	0.435851	-0.00211416	
-0.0122718	-0.639208	-0.0245437	1.8195	-0.0360109	0.436362	-0.0020689	
-0.0126553	-0.639609	-0.0253107	1.82011	-0.0371614	0.436874	-0.00201009	
-0.0130388	-0.640009	-0.0260777	1.82072	-0.0383119	0.437385	-0.00193687	
-0.0134223	-0.64041	-0.0268447	1.82133	-0.0394623	0.437896	-0.00184836	
-0.0138058	-0.64081	-0.0276117	1.82188	-0.0406128	0.438408	-0.0017437	
-0.0141893	-0.641211	-0.0283786	1.82209	-0.0417633	0.438919	-0.00162267	
-0.0145728	-0.641611	-0.0291456	1.82213	-0.0429138	0.43943	-0.00148832	
-0.0149563	-0.642012	-0.0299126	1.8221	-0.0440643	0.439942	-0.00134187	
-0.0153398	-0.642412	-0.0306796	1.82203	-0.0452148	0.440453	-0.00118368	
-0.0157233	-0.642813	-0.0314466	1.82194	-0.0463653	0.440964	-0.00101366	
-0.0161068	-0.643213	-0.0322136	1.82184	-0.0475157	0.441476	-0.000831493	
-0.0164903	-0.643614	-0.0329806	1.82173	-0.0486662	0.441987	-0.000636777	
-0.0168738	-0.644014	-0.0337476	1.82161	-0.0498167	0.442498	-0.000429041	
-0.0172573	-0.644415	-0.0345146	1.82149	-0.0509672	0.44301	-0.000207789	
-0.0176408	-0.644816	-0.0352816	1.82137	-0.0521177	0.443521	2.74949e-05	
-0.0180243	-0.645216	-0.0360485	1.82124	-0.0532682	0.444032	0.000277337	
-0.0184078	-0.645617	-0.0368155	1.82112	-0.0544187	0.444544	0.00054227	
-0.0187913	-0.646017	-0.0375825	1.82098	-0.0555691	0.445055	0.000822835	
-0.0191748	-0.646418	-0.0383495	1.82085	-0.0567196	0.445566	0.00111958	
-0.0195583	-0.646818	-0.0391165	1.82071	-0.0578701	0.446078	0.00143304	
-0.0199418	-0.647219	-0.0398835	1.82056	-0.0590206	0.446589	0.00176379	
-0.0203252	-0.647619	-0.0406505	1.82042	-0.0601711	0.4471	0.00211237	
-0.0207087	-0.64802	-0.0414175	1.82027	-0.0613216	0.447612	0.00247935	
-0.0210922	-0.64842	-0.0421845	1.82011	-0.0624721	0.448123	0.00286529	
-0.0214757	-0.648821	-0.0429515	1.81996	-0.0636225	0.448634	0.00327075	
-0.0218592	-0.649221	-0.0437185	1.8198	-0.064773	0.449146	0.00369631	
-0.0222427	-0.649622	-0.0444854	1.81963	-0.0659235	0.449657	0.00414252	
-0.0226262	-0.650023	-0.0452524	1.81947	-0.067074	0.450168	0.00460996	
-0.0230097	-0.650423	-0.0460194	1.8193	-0.0682245	0.45068	0.00509921	
-0.0233932	-0.650824	-0.0467864	1.81912	-0.069375	0.451191	0.00561084	
-0.0237767	-0.651224	-0.0475534	1.81894	-0.0705255	0.451702	0.00614541	
-0.0241602	-0.651625	-0.0483204	1.81876	-0.0716759	0.452214	0.00670351	
-0.0245437	-0.652025	-0.0490874	1.81858	-0.0728264	0.452725	0.00728571	
-0.0249272	-0.652426	-0.0498544	1.81839	-0.0739769	0.453236	0.00789258	
-0.0253107	-0.652826	-0.0506214	1.81819	-0.0751274	0.453748	0.00852469	
-0.0256942	-0.653227	-0.0513884	1.818	-0.0762779	0.454259	0.00918262	
-0.0260777	-0.653627	-0.0521553	1.8178	-0.0774284	0.45477	0.00986694	
-0.0264612	-0.654028	-0.0529223	1.8176	-0.0785789	0.455282	0.0105782	
-0.0268447	-0.654429	-0.0536893	1.81739	-0.0797293	0.455793	0.011317	
-0.0272282	-0.654829	-0.0544563	1.81718	-0.0808798	0.456304	0.0120839	
-0.0276117	-0.65523	-0.0552233	1.81696	-0.0820303	0.456816	0.0128794	
-0.0279951	-0.65563	-0.0559903	1.81674	-0.0831808	0.457327	0.0137042	
-0.0283786	-0.656031	-0.0567573	1.81652	-0.0843313	0.457838	0.0145587	
-0.0287621	-0.656431	-0.0575243	1.8163	-0.0854818	0.45835	0.0154436	
-0.0291456	-0.656832	-0.0582913	1.81607	-0.0866323	0.458861	0.0163593	
-0.0295291	-0.657232	-0.0590583	1.81583	-0.0877827	0.459372	0.0173065	
-0.0299126	-0.657633	-0.0598253	1.8156	-0.0889332	0.459884	0.0182856	
-0.0302961	-0.658033	-0.0605922	1.81535	-0.0900837	0.460395	0.0192973	
-0.0306796	-0.658434	-0.0613592	1.81511	-0.0912342	0.460906	0.020342	
-0.0310631	-0.658834	-0.0621262	1.81486	-0.0923847	0.461417	0.0214202	
-0.0314466	-0.659235	-0.0628932	1.81461	-0.0935352	0.461929	0.0225326	
-0.0318301	-0.659636	-0.0636602	1.81435	-0.0946857	0.46244	0.0236797	
-0.0322136	-0.660036	-0.0644272	1.81409	-0.0958361	0.462951	0.0248618	
-0.0325971	-0.660437	-0.0651942	1.81383	-0.0969866	0.463463	0.0260797	
-0.0329806	-0.660837	-0.0659612	1.81356	-0.0981371	0.463974	0.0273337	
-0.0333641	-0.661238	-0.0667282	1.81329	-0.0992876	0.464485	0.0286244	
-0.0337476	-0.661638	-0.0674952	1.81302	-0.100438	0.464997	0.0299522	
-0.0341311	-0.662039	-0.0682621	1.81274	-0.101589	0.465508	0.0313177	
-0.0345146	-0.662439	-0.0690291	1.81245	-0.102739	0.466019	0.0327214	
-0.0348981	-0.66284	-0.0697961	1.81217	-0.10389	0.466531	0.0341636	
-0.0352816	-0.66324	-0.0705631	1.81188	-0.10504	0.467042	0.035645	
-0.0356651	-0.663641	-0.0713301	1.81158	-0.106191	0.467553	0.0371659	
-0.0360485	-0.664041	-0.0720971	1.81128	-0.107341	0.468065	0.0386999	
-0.036432	-0.664442	-0.0728641	1.81098	-0.108491	0.468576	0.0402338	
-0.0368155	-0.664843	-0.0736311	1.81068	-0.109642	0.469087	0.0417678	
-0.037199	-0.665243	-0.0743981	1.81037	-0.110792	0.469599	0.0433018	
-0.0375825	-0.665644	-0.0751651	1.81005	-0.111943	0.47011	0.0448358	
-0.037966	-0.666044	-0.075932	1.80974	-0.113093	0.470621	0.0463698	
-0.0383495	-0.666445	-0.076699	1.80941	-0.114244	0.471133	0.0479037	
-0.038733	-0.666845	-0.077466	1.80922	-0.115394	0.471644	0.0494377	
-0.0391165	-0.667246	-0.078233	1.80909	-0.116545	0.472155	0.0509717	
-0.0395	-0.667646	-0.079	1.80898	-0.117695	0.472667	0.0525057	
-0.0398835	-0.668047	-0.079767	1.8089	-0.118846	0.473178	0.0540397	
-0.040267	-0.668447	-0.080534	1.80881	-0.119996	0.473689	0.0555736	
-0.0406505	-0.668848	-0.081301	1.80874	-0.121147	0.474201	0.0571076	
-0.041034	-0.669248	-0.082068	1.80866	-0.122297	0.474712	0.0586416	
-0.0414175	-0.669649	-0.082835	1.80859	-0.123448	0.475223	0.0601756	
-0.041801	-0.67005	-0.083602	1.80852	-0.124598	0.475735	0.0617053	
-0.0421845	-0.67045	-0.0843689	1.80844	-0.125749	0.476246	0.0632059	
-0.042568	-0.670851	-0.0851359	1.80838	-0.126899	0.476757	0.0646779	
-0.0429515	-0.671251	-0.0859029	1.80831	-0.12805	0.477269	0.0661213	
-0.043335	-0.671652	-0.0866699	1.80824	-0.1292	0.47778	0.0675364	
-0.0437185	-0.672052	-0.0874369	1.80817	-0.130351	0.478291	0.0689235	
-0.0441019	-0.672453	-0.0882039	1.80811	-0.131501	0.478803	0.0702828	
-0.0444854	-0.672853	-0.0889709	1.80804	-0.132652	0.479314	0.0716146	
-0.0448689	-0.673254	-0.0897379	1.80798	-0.133802	0.479825	0.0729191	
-0.0452524	-0.673654	-0.0905049	1.80792	-0.134953	0.480337	0.0741966	
-0.0456359	-0.674055	-0.0912719	1.80786	-0.136103	0.480848	0.0754473	
-0.0460194	-0.674455	-0.0920388	1.8078	-0.137254	0.481359	0.0766716	
-0.0464029	-0.674856	-0.0928058	1.80774	-0.138404	0.481871	0.0778696	
-0.0467864	-0.675257	-0.0935728	1.80768	-0.139555	0.482382	0.0790416	
-0.0471699	-0.675657	-0.0943398	1.80762	-0.140705	0.482893	0.080188	
-0.0475534	-0.676058	-0.0951068	1.80757	-0.141856	0.483405	0.0813089	
-0.0479369	-0.676458	-0.0958738	1.80751	-0.143006	0.483916	0.0824047	
-0.0483204	-0.676859	-0.0966408	1.80746	-0.144157	0.484427	0.0834756	
-0.0487039	-0.677259	-0.0974078	1.80741	-0.145307	0.484939	0.0845219	
-0.0490874	-0.67766	-0.0981748	1.80735	-0.146458	0.48545	0.0855438	
-0.0494709	-0.67806	-0.0989418	1.8073	-0.147608	0.485961	0.0865418	
-0.0498544	-0.678461	-0.0997088	1.80726	-0.148758	0.486473	0.0875159	
-0.0502379	-0.678861	-0.100476	1.80721	-0.149909	0.486984	0.0884666	
-0.0506214	-0.679262	-0.101243	1.80716	-0.151059	0.487495	0.0893941	
-0.0510049	-0.679662	-0.10201	1.80711	-0.15221	0.488006	0.0902988	
-0.0513884	-0.680063	-0.102777	1.80707	-0.15336	0.488518	0.0911808	
-0.0517719	-0.680464	-0.103544	1.80703	-0.154511	0.489029	0.0920405	
-0.0521553	-0.680864	-0.104311	1.80698	-0.155661	0.48954	0.0928781	
-0.0525388	-0.681265	-0.105078	1.80694	-0.156812	0.490052	0.0936941	
-0.0529223	-0.681665	-0.105845	1.8069	-0.157962	0.490563	0.0944886	
-0.0533058	-0.682066	-0.106612	1.80686	-0.159113	0.491074	0.0952619	
-0.0536893	-0.682466	-0.107379	1.80683	-0.160263	0.491586	0.0960145	
-0.0540728	-0.682867	-0.108146	1.80679	-0.161414	0.492097	0.0967464	
-0.0544563	-0.683267	-0.108913	1.80675	-0.162564	0.492608	0.0974582	
-0.0548398	-0.683668	-0.10968	1.80672	-0.163715	0.49312	0.09815	
-0.0552233	-0.684068	-0.110447	1.80669	-0.164865	0.493631	0.0988222	
-0.0556068	-0.684469	-0.111214	1.80665	-0.166016	0.494142	0.099475	
-0.0559903	-0.68487	-0.111981	1.80662	-0.167166	0.494654	0.100109	
-0.0563738	-0.68527	-0.112748	1.80659	-0.168317	0.495165	0.100724	
-0.0567573	-0.685671	-0.113515	1.80656	-0.169467	0.495676	0.101321	
-0.0571408	-0.686071	-0.114282	1.80653	-0.170618	0.496188	0.101899	
-0.0575243	-0.686472	-0.115049	1.80651	-0.171768	0.496699	0.10246	
-0.0579078	-0.686872	-0.115816	1.80648	-0.172919	0.49721	0.103003	
-0.0582913	-0.687273	-0.116583	1.80646	-0.174069	0.497722	0.103529	
-0.0586748	-0.687673	-0.11735	1.80644	-0.17522	0.498233	0.104039	
-0.0590583	-0.688074	-0.118117	1.80641	-0.17637	0.498744	0.104531	
-0.0594418	-0.688474	-0.118884	1.80639	-0.177521	0.499256	0.105008	
-0.0598253	-0.688875	-0.119651	1.80637	-0.178671	0.499767	0.105468	
-0.0602087	-0.689275	-0.120417	1.80635	-0.179822	0.500278	0.105913	
-0.0605922	-0.689676	-0.121184	1.80634	-0.180972	0.50079	0.106342	
-0.0609757	-0.690077	-0.121951	1.80632	-0.182123	0.501301	0.106757	
-0.0613592	-0.690477	-0.122718	1.80631	-0.183273	0.501812	0.107156	
-0.0617427	-0.690878	-0.123485	1.80629	-0.184424	0.502324	0.107541	
-0.0621262	-0.691278	-0.124252	1.80628	-0.185574	0.502835	0.107913	
-0.0625097	-0.691679	-0.125019	1.80627	-0.186725	0.503346	0.10827	
-0.0628932	-0.692079	-0.125786	1.80626	-0.187875	0.503858	0.108614	
-0.0632767	-0.69248	-0.126553	1.80625	-0.189025	0.504369	0.108944	
-0.0636602	-0.69288	-0.12732	1.80624	-0.190176	0.50488	0.109262	
-0.0640437	-0.693281	-0.128087	1.80623	-0.191326	0.505392	0.109567	
-0.0644272	-0.693681	-0.128854	1.80623	-0.192477	0.505903	0.10986	
-0.0648107	-0.694082	-0.129621	1.80622	-0.193627	0.506414	0.11014	
-0.0651942	-0.694482	-0.130388	1.80622	-0.194778	0.506926	0.110409	
-0.0655777	-0.694883	-0.131155	1.80622	-0.195928	0.507437	0.110667	
-0.0659612	-0.695284	-0.131922	1.80622	-0.197079	0.507948	0.110914	
-0.0663447	-0.695684	-0.132689	1.80622	-0.198229	0.50846	0.111149	
-0.0667282	-0.696085	-0.133456	1.80622	-0.19938	0.508971	0.111374	
-0.0671117	-0.696485	-0.134223	1.80622	-0.20053	0.509482	0.111589	
-0.0674952	-0.696886	-0.13499	1.80623	-0.201681	0.509994	0.111794	
-0.0678786	-0.697286	-0.135757	1.80623	-0.202831	0.510505	0.11199	
-0.0682621	-0.697687	-0.136524	1.80624	-0.203982	0.511016	0.112175	
-0.0686456	-0.698087	-0.137291	1.80625	-0.205132	0.511528	0.112352	
-0.0690291	-0.698488	-0.138058	1.80626	-0.206283	0.512039	0.11252	
-0.0694126	-0.698888	-0.138825	1.80627	-0.207433	0.51255	0.112679	
-0.0697961	-0.699289	-0.139592	1.80628	-0.208584	0.513062	0.112831	
-0.0701796	-0.699689	-0.140359	1.80629	-0.209734	0.513573	0.112974	
-0.0705631	-0.70009	-0.141126	1.80631	-0.210885	0.514084	0.113109	
-0.0709466	-0.700491	-0.141893	1.80632	-0.212035	0.514595	0.113237	
-0.0713301	-0.700891	-0.14266	1.80634	-0.213186	0.515107	0.113357	
-0.0717136	-0.701292	-0.143427	1.80635	-0.214336	0.515618	0.113471	
-0.0720971	-0.701692	-0.144194	1.80637	-0.215487	0.516129	0.113578	
-0.0724806	-0.702093	-0.144961	1.80639	-0.216637	0.516641	0.113678	
-0.0728641	-0.702493	-0.145728	1.80642	-0.217788	0.517152	0.113773	
-0.0732476	-0.702894	-0.146495	1.80644	-0.218938	0.517663	0.113861	
-0.0736311	-0.703294	-0.147262	1.80646	-0.220089	0.518175	0.113944	
-0.0740146	-0.703695	-0.148029	1.80649	-0.221239	0.518686	0.114021	
-0.0743981	-0.704095	-0.148796	1.80651	-0.22239	0.519197	0.114093	
-0.0747816	-0.704496	-0.149563	1.80654	-0.22354	0.519709	0.114159	
-0.0751651	-0.704896	-0.15033	1.80657	-0.224691	0.52022	0.114222	
-0.0755486	-0.705297	-0.151097	1.8066	-0.225841	0.520731	0.114279	
-0.075932	-0.705698	-0.151864	1.80663	-0.226991	0.521243	0.114332	
-0.0763155	-0.706098	-0.152631	1.80666	-0.228142	0.521754	0.114381	
-0.076699	-0.706499	-0.153398	1.8067	-0.229292	0.522265	0.114426	
-0.0770825	-0.706899	-0.154165	1.80621	-0.230443	0.522777	0.114467	
-0.077466	-0.7073	-0.154932	1.8056	-0.231593	0.523288	0.114499	
-0.0778495	-0.7077	-0.155699	1.80499	-0.232744	0.523799	0.114525	
-0.078233	-0.708101	-0.156466	1.80438	-0.233894	0.524311	0.114546	
-0.0786165	-0.708501	-0.157233	1.80377	-0.235045	0.524822	0.114561	
-0.079	-0.708902	-0.158	1.80316	-0.236195	0.525333	0.114573	
-0.0793835	-0.709302	-0.158767	1.80255	-0.237346	0.525845	0.114581	
-0.079767	-0.709703	-0.159534	1.80194	-0.238496	0.526087	0.114587	
-0.0801505	-0.710103	-0.160301	1.80133	-0.239647	0.525847	0.11459	
-0.080534	-0.710504	-0.161068	1.80072	-0.240186	0.525335	0.114591	
-0.0801505	-0.710905	-0.160301	1.80011	-0.239829	0.524824	0.11459	
-0.079767	-0.711305	-0.159534	1.79951	-0.239055	0.524313	0.114589	
-0.0793835	-0.711706	-0.158767	1.7989	-0.237904	0.523801	0.114587	
-0.079	-0.712106	-0.158	1.79829	-0.236754	0.52329	0.114586	
-0.0786165	-0.712426	-0.157233	1.79768	-0.235603	0.522779	0.114584	
-0.078233	-0.712673	-0.156466	1.79709	-0.234453	0.522267	0.114582	
-0.0778495	-0.71288	-0.155699	1.79653	-0.233302	0.521756	0.11458	
-0.077466	-0.71308	-0.154932	1.79598	-0.232152	0.521245	0.114578	
-0.0770825	-0.713279	-0.154165	1.79542	-0.231001	0.520733	0.114575	
-0.076699	-0.71348	-0.153398	1.79485	-0.229851	0.520222	0.114571	
-0.0763155	-0.713686	-0.152631	1.79428	-0.2287	0.519711	0.114566	
-0.075932	-0.713899	-0.151864	1.79371	-0.22755	0.519199	0.114561	
-0.0755486	-0.714122	-0.151097	1.79314	-0.226399	0.518688	0.114555	
-0.0751651	-0.714357	-0.15033	1.79258	-0.225249	0.518177	0.114548	
-0.0747816	-0.714606	-0.149563	1.79201	-0.224099	0.517665	0.114539	
-0.0743981	-0.714873	-0.148796	1.79145	-0.222948	0.517154	0.11453	
-0.0740146	-0.715159	-0.148029	1.7909	-0.221798	0.516643	0.114518	
-0.0736311	-0.715467	-0.147262	1.79036	-0.220647	0.516131	0.114506	
-0.0732476	-0.7158	-0.146495	1.78983	-0.219497	0.51562	0.114491	
-0.0728641	-0.71616	-0.145728	1.78932	-0.218346	0.515109	0.114474	
-0.0724806	-0.71655	-0.144961	1.78882	-0.217196	0.514597	0.114455	
-0.0720971	-0.716951	-0.144194	1.78833	-0.216045	0.514086	0.114434	
-0.0717136	-0.717351	-0.143427	1.78786	-0.214895	0.513575	0.11441	
-0.0713301	-0.717752	-0.14266	1.78739	-0.213744	0.513063	0.114383	
-0.0709466	-0.718152	-0.141893	1.78692	-0.212594	0.512552	0.114353	
-0.0705631	-0.718553	-0.141126	1.78645	-0.211443	0.512041	0.114318	
-0.0701796	-0.718954	-0.140359	1.78598	-0.210293	0.511529	0.11428	
-0.0697961	-0.719354	-0.139592	1.7855	-0.209142	0.511018	0.114237	
-0.0694126	-0.719755	-0.138825	1.78502	-0.207992	0.510507	0.11419	
-0.0690291	-0.720155	-0.138058	1.78454	-0.206841	0.509996	0.114137	
-0.0686456	-0.720556	-0.137291	1.78406	-0.205691	0.509484	0.114079	
-0.0682621	-0.720956	-0.136524	1.78357	-0.20454	0.508973	0.114014	
-0.0678786	-0.721357	-0.135757	1.78308	-0.20339	0.508462	0.113944	
-0.0674952	-0.721757	-0.13499	1.78259	-0.202239	0.50795	0.113867	
-0.0671117	-0.722158	-0.134223	1.7821	-0.201089	0.507439	0.113782	
-0.0667282	-0.722558	-0.133456	1.7816	-0.199938	0.506928	0.11369	
-0.0663447	-0.722959	-0.132689	1.78111	-0.198788	0.506416	0.11359	
-0.0659612	-0.72336	-0.131922	1.78061	-0.197637	0.505905	0.113481	
-0.0655777	-0.72376	-0.131155	1.78011	-0.196487	0.505394	0.113363	
-0.0651942	-0.724161	-0.130388	1.7796	-0.195336	0.504882	0.113235	
-0.0648107	-0.724561	-0.129621	1.7791	-0.194186	0.504371	0.113097	
-0.0644272	-0.724962	-0.128854	1.77859	-0.193035	0.50386	0.112949	
-0.0640437	-0.725362	-0.128087	1.77808	-0.191885	0.503348	0.112789	
-0.0636602	-0.725763	-0.12732	1.77757	-0.190734	0.502837	0.112617	
-0.0632767	-0.726163	-0.126553	1.77706	-0.189584	0.502326	0.112433	
-0.0628932	-0.726564	-0.125786	1.77655	-0.188433	0.501814	0.112236	
-0.0625097	-0.726964	-0.125019	1.77603	-0.187283	0.501303	0.112025	
-0.0621262	-0.727365	-0.124252	1.77551	-0.186133	0.500792	0.1118	
-0.0617427	-0.727765	-0.123485	1.775	-0.184982	0.50028	0.11156	
-0.0613592	-0.728166	-0.122718	1.77448	-0.183832	0.499769	0.111304	
-0.0609757	-0.728567	-0.121951	1.77395	-0.182681	0.499258	0.111032	
-0.0605922	-0.728967	-0.121184	1.77343	-0.181531	0.498746	0.110743	
-0.0602087	-0.729368	-0.120417	1.77291	-0.18038	0.498235	0.110436	
-0.0598253	-0.729768	-0.119651	1.77238	-0.17923	0.497724	0.110111	
-0.0594418	-0.730169	-0.118884	1.77185	-0.178079	0.497212	0.109767	
-0.0590583	-0.730569	-0.118117	1.77132	-0.176929	0.496701	0.109403	
-0.0586748	-0.73097	-0.11735	1.7708	-0.175778	0.49619	0.109018	
-0.0582913	-0.73137	-0.116583	1.77026	-0.174628	0.495678	0.108612	
-0.0579078	-0.731771	-0.115816	1.76973	-0.173477	0.495167	0.108184	
-0.0575243	-0.732171	-0.115049	1.7692	-0.172327	0.494656	0.107733	
-0.0571408	-0.732572	-0.114282	1.76867	-0.171176	0.494144	0.107258	
-0.0567573	-0.732972	-0.113515	1.76813	-0.170026	0.493633	0.106758	
-0.0563738	-0.733373	-0.112748	1.7676	-0.168875	0.493122	0.106233	
-0.0559903	-0.733774	-0.111981	1.76706	-0.167725	0.49261	0.105682	
-0.0556068	-0.734174	-0.111214	1.76652	-0.166574	0.492099	0.105104	
-0.0552233	-0.734575	-0.110447	1.76598	-0.165424	0.491588	0.104498	
-0.0548398	-0.734975	-0.10968	1.76544	-0.164273	0.491076	0.103863	
-0.0544563	-0.735376	-0.108913	1.7649	-0.163123	0.490565	0.103198	
-0.0540728	-0.735776	-0.108146	1.76436	-0.161972	0.490054	0.102503	
-0.0536893	-0.736177	-0.107379	1.76382	-0.160822	0.489542	0.101776	
-0.0533058	-0.736577	-0.106612	1.76328	-0.159671	0.489031	0.101017	
-0.0529223	-0.736978	-0.105845	1.76274	-0.158521	0.48852	0.100225	
-0.0525388	-0.737378	-0.105078	1.76219	-0.15737	0.488008	0.0993985	
-0.0521553	-0.737779	-0.104311	1.76165	-0.15622	0.487497	0.098537	
-0.0517719	-0.738179	-0.103544	1.76111	-0.155069	0.486986	0.0976394	
-0.0513884	-0.73858	-0.102777	1.76056	-0.153919	0.486474	0.0967048	
-0.0510049	-0.738981	-0.10201	1.76002	-0.152768	0.485963	0.0957323	
-0.0506214	-0.739381	-0.101243	1.75947	-0.151618	0.485452	0.0947209	
-0.0502379	-0.739782	-0.100476	1.75892	-0.150467	0.48494	0.0936696	
-0.0498544	-0.740182	-0.0997088	1.75838	-0.149317	0.484429	0.0925775	
-0.0494709	-0.740583	-0.0989418	1.75783	-0.148166	0.483918	0.0914437	
-0.0490874	-0.740983	-0.0981748	1.75728	-0.147016	0.483407	0.090267	
-0.0487039	-0.741384	-0.0974078	1.75674	-0.145866	0.482895	0.0890467	
-0.0483204	-0.741784	-0.0966408	1.75619	-0.144715	0.482384	0.0877815	
-0.0479369	-0.742185	-0.0958738	1.75564	-0.143565	0.481873	0.0864707	
-0.0475534	-0.742585	-0.0951068	1.75509	-0.142414	0.481361	0.0851131	
-0.0471699	-0.742986	-0.0943398	1.75455	-0.141264	0.48085	0.0837079	
-0.0467864	-0.743386	-0.0935728	1.754	-0.140113	0.480339	0.0822539	
-0.0464029	-0.743787	-0.0928058	1.75345	-0.138963	0.479827	0.0807501	
-0.0460194	-0.744188	-0.0920388	1.7529	-0.137812	0.479316	0.0792162	
-0.0456359	-0.744588	-0.0912719	1.75287	-0.136662	0.478805	0.0777211	
-0.0452524	-0.744989	-0.0905049	1.75309	-0.135511	0.478293	0.0762717	
-0.0448689	-0.745389	-0.0897379	1.75343	-0.134361	0.477782	0.0748608	
-0.0444854	-0.74579	-0.0889709	1.75383	-0.13321	0.477271	0.0734852	
-0.0441019	-0.74619	-0.0882039	1.75426	-0.13206	0.476759	0.0721427	
-0.0437185	-0.746591	-0.0874369	1.7547	-0.130909	0.476248	0.0708324	
-0.043335	-0.746991	-0.0866699	1.75515	-0.129759	0.475737	0.0695534	
-0.0429515	-0.747392	-0.0859029	1.7556	-0.128608	0.475225	0.0683052	
-0.042568	-0.747792	-0.0851359	1.75606	-0.127458	0.474714	0.0670873	
-0.0421845	-0.748193	-0.0843689	1.75652	-0.126307	0.474203	0.0658994	
-0.041801	-0.748593	-0.083602	1.75698	-0.125157	0.473691	0.0647408	
-0.0414175	-0.748994	-0.082835	1.75744	-0.124006	0.47318	0.0636113	
-0.041034	-0.749395	-0.082068	1.75791	-0.122856	0.472669	0.0625105	
-0.0406505	-0.749795	-0.081301	1.75837	-0.121705	0.472157	0.0614379	
-0.040267	-0.750196	-0.080534	1.75884	-0.120555	0.471646	0.0603931	
-0.0398835	-0.750596	-0.079767	1.75931	-0.119404	0.471135	0.0593757	
-0.0395	-0.750997	-0.079	1.75978	-0.118254	0.470623	0.0583853	
-0.0391165	-0.751397	-0.078233	1.76025	-0.117103	0.470112	0.0574215	
-0.038733	-0.751798	-0.077466	1.76072	-0.115953	0.469601	0.056484	
-0.0383495	-0.752198	-0.076699	1.76119	-0.114802	0.469089	0.0555722	
-0.037966	-0.752599	-0.075932	1.76166	-0.113652	0.468578	0.0546857	
-0.0375825	-0.752999	-0.0751651	1.76214	-0.112501	0.468067	0.0538243	
-0.037199	-0.7534	-0.0743981	1.76261	-0.111351	0.467555	0.0529874	
-0.0368155	-0.753801	-0.0736311	1.76309	-0.1102	0.467044	0.0521747	
-0.036432	-0.754201	-0.0728641	1.76357	-0.10905	0.466533	0.0513857	
-0.0360485	-0.754602	-0.0720971	1.76405	-0.107899	0.466021	0.05062	
-0.0356651	-0.755002	-0.0713301	1.76453	-0.106749	0.46551	0.0498773	
-0.0352816	-0.755403	-0.0705631	1.76501	-0.105599	0.464999	0.0491572	
-0.0348981	-0.755803	-0.0697961	1.7655	-0.104448	0.464487	0.0484591	
-0.0345146	-0.756204	-0.0690291	1.76598	-0.103298	0.463976	0.0477828	
-0.0341311	-0.756604	-0.0682621	1.76647	-0.102147	0.463465	0.0471278	
-0.0337476	-0.757005	-0.0674952	1.76695	-0.100997	0.462953	0.0464938	
-0.0333641	-0.757405	-0.0667282	1.76744	-0.0998461	0.462442	0.0458803	
-0.0329806	-0.757806	-0.0659612	1.76793	-0.0986956	0.461931	0.0452869	
-0.0325971	-0.758206	-0.0651942	1.76843	-0.0975451	0.461419	0.0447132	
-0.0322136	-0.758607	-0.0644272	1.76892	-0.0963946	0.460908	0.0441589	
-0.0318301	-0.759008	-0.0636602	1.76941	-0.0952441	0.460397	0.0436236	
-0.0314466	-0.759408	-0.0628932	1.76991	-0.0940937	0.459885	0.0431067	
-0.0310631	-0.759809	-0.0621262	1.7704	-0.0929432	0.459374	0.0426081	
-0.0306796	-0.760209	-0.0613592	1.7709	-0.0917927	0.458863	0.0421272	
-0.0302961	-0.76061	-0.0605922	1.7714	-0.0906422	0.458351	0.0416637	
-0.0299126	-0.76101	-0.0598253	1.7719	-0.0894917	0.45784	0.0412172	
-0.0295291	-0.761411	-0.0590583	1.7724	-0.0883412	0.457329	0.0407874	
-0.0291456	-0.761811	-0.0582913	1.77291	-0.0871907	0.456818	0.0403738	
-0.0287621	-0.762212	-0.0575243	1.77341	-0.0860403	0.456306	0.039976	
-0.0283786	-0.762612	-0.0567573	1.77392	-0.0848898	0.455795	0.0395938	
-0.0279951	-0.763013	-0.0559903	1.77443	-0.0837393	0.455284	0.0392266	
-0.0276117	-0.763413	-0.0552233	1.77494	-0.0825888	0.454772	0.0388743	
-0.0272282	-0.763814	-0.0544563	1.77545	-0.0814383	0.454261	0.0385363	
-0.0268447	-0.764215	-0.0536893	1.77596	-0.0802878	0.45375	0.0382123	
-0.0264612	-0.764615	-0.0529223	1.77647	-0.0791373	0.453238	0.0379019	
-0.0260777	-0.765016	-0.0521553	1.77699	-0.0779869	0.452727	0.0376049	
-0.0256942	-0.765416	-0.0513884	1.7775	-0.0768364	0.452216	0.0373208	
-0.0253107	-0.765817	-0.0506214	1.77802	-0.0756859	0.451704	0.0370493	
-0.0249272	-0.766217	-0.0498544	1.77854	-0.0745354	0.451193	0.0367901	
-0.0245437	-0.766618	-0.0490874	1.77906	-0.0733849	0.450682	0.0365428	
-0.0241602	-0.767018	-0.0483204	1.77958	-0.0722344	0.45017	0.036307	
-0.0237767	-0.767419	-0.0475534	1.7801	-0.0710839	0.449659	0.0360824	
-0.0233932	-0.767819	-0.0467864	1.78063	-0.0699335	0.449148	0.0358687	
-0.0230097	-0.76822	-0.0460194	1.78115	-0.068783	0.448636	0.0356655	
-0.0226262	-0.76862	-0.0452524	1.78168	-0.0676325	0.448125	0.0354726	
-0.0222427	-0.769021	-0.0444854	1.78221	-0.066482	0.447614	0.0352896	
-0.0218592	-0.769422	-0.0437185	1.78274	-0.0653315	0.447102	0.0351161	
-0.0214757	-0.769822	-0.0429515	1.78327	-0.064181	0.446591	0.0349519	
-0.0210922	-0.770223	-0.0421845	1.7838	-0.0630305	0.44608	0.0347967	
-0.0207087	-0.770623	-0.0414175	1.78434	-0.0618801	0.445568	0.0346501	
-0.0203252	-0.771024	-0.0406505	1.78487	-0.0607296	0.445057	0.0345118	
-0.0199418	-0.771424	-0.0398835	1.78541	-0.0595791	0.444546	0.0343816	
-0.0195583	-0.771825	-0.0391165	1.78595	-0.0584286	0.444034	0.0342591	
-0.0191748	-0.772225	-0.0383495	1.78649	-0.0572781	0.443523	0.0341441	
-0.0187913	-0.772626	-0.0375825	1.78703	-0.0561276	0.44303	0.0340363	
-0.0184078	-0.773026	-0.0368155	1.78756	-0.0549771	0.442565	0.0339351	
-0.0180243	-0.773427	-0.0360485	1.78809	-0.0538267	0.442125	0.0338403	
-0.0176408	-0.773827	-0.0352816	1.7886	-0.0526762	0.441708	0.0337514	
-0.0172573	-0.774228	-0.0345146	1.7891	-0.0515257	0.441313	0.0336683	
-0.0168738	-0.774629	-0.0337476	1.78959	-0.0503752	0.44094	0.0335906	
-0.0164903	-0.775029	-0.0329806	1.79007	-0.0492247	0.440588	0.0335182	
-0.0161068	-0.77543	-0.0322136	1.79053	-0.0480742	0.440257	0.0334508	
-0.0157233	-0.77583	-0.0314466	1.79099	-0.0469237	0.439947	0.0333881	
-0.0153398	-0.776231	-0.0306796	1.79143	-0.0457733	0.439657	0.03333	
-0.0149563	-0.776631	-0.0299126	1.79186	-0.0446228	0.439387	0.0332763	
-0.0145728	-0.777032	-0.0291456	1.79228	-0.0434723	0.439136	0.0332266	
-0.0141893	-0.777432	-0.0283786	1.79269	-0.0423218	0.438904	0.0331809	
-0.0138058	-0.777833	-0.0276117	1.79309	-0.0411713	0.43869	0.0331389	
-0.0134223	-0.778233	-0.0268447	1.79347	-0.0400208	0.438494	0.0331003	
-0.0130388	-0.778634	-0.0260777	1.79385	-0.0388703	0.438316	0.0330651	
-0.0126553	-0.779034	-0.0253107	1.79422	-0.0377199	0.438154	0.0330331	
-0.0122718	-0.779435	-0.0245437	1.79458	-0.0365694	0.438009	0.033004	
-0.0118884	-0.779836	-0.0237767	1.79494	-0.0354189	0.437881	0.0329776	
-0.0115049	-0.780236	-0.0230097	1.79528	-0.0342684	0.437767	0.0329539	
-0.0111214	-0.780637	-0.0222427	1.79561	-0.0331179	0.437669	0.0329325	
-0.0107379	-0.781037	-0.0214757	1.79594	-0.0319674	0.437585	0.0329135	
-0.0103544	-0.781438	-0.0207087	1.79626	-0.0308169	0.437516	0.0328965	
-0.00997088	-0.781838	-0.0199418	1.79657	-0.0296665	0.43746	0.0328816	
-0.00958738	-0.782239	-0.0191748	1.79688	-0.028516	0.437418	0.0328684	
-0.00920388	-0.782613	-0.0184078	1.79717	-0.0273655	0.437388	0.0328569	
-0.00882039	-0.782955	-0.0176408	1.79745	-0.026215	0.437364	0.0328469	
-0.00843689	-0.783269	-0.0168738	1.79771	-0.0250645	0.437342	0.032838	
-0.0080534	-0.783556	-0.0161068	1.79795	-0.023914	0.437321	0.0328302	
-0.0076699	-0.783818	-0.0153398	1.79816	-0.0227635	0.437303	0.0328234	
-0.00728641	-0.783987	-0.0145728	1.79833	-0.0216131	0.437271	0.0328196	
-0.00690291	-0.784086	-0.0138058	1.79844	-0.0204626	0.437227	0.0328177	
-0.00651942	-0.784135	-0.0130388	1.79851	-0.0193121	0.43718	0.0328169	
-0.00613592	-0.78415	-0.0122718	1.79855	-0.0181616	0.437137	0.0328166	
-0.00575243	-0.78415	-0.0115049	1.79856	-0.0171559	0.437107	0.0328166	
-0.00536893	-0.784151	-0.0108701	1.79856	-0.0169831	0.437098	0.0328166	
-0.00575243	-0.784171	-0.0116371	1.79855	-0.0175766	0.437118	0.0328166	
-0.00613592	-0.784205	-0.0124041	1.79854	-0.0185416	0.437155	0.0328167	
-0.00651942	-0.784258	-0.0131711	1.79852	-0.019692	0.437214	0.032817	
-0.00690291	-0.784334	-0.0139381	1.79851	-0.0208425	0.437298	0.0328174	
-0.00728641	-0.784436	-0.0147051	1.7985	-0.021993	0.437411	0.032818	
-0.0076699	-0.784568	-0.0154721	1.79849	-0.0231435	0.437555	0.0328191	
-0.0080534	-0.784735	-0.0162391	1.79848	-0.024294	0.437734	0.0328206	
-0.00843689	-0.784941	-0.0170061	1.79847	-0.0254445	0.437953	0.0328227	
-0.00882039	-0.785189	-0.0177731	1.79847	-0.026595	0.438214	0.0328255	
-0.00920388	-0.785484	-0.01854	1.79848	-0.0277454	0.438521	0.0328293	
-0.00958738	-0.785829	-0.019307	1.79848	-0.0288959	0.438878	0.0328341	
-0.00997088	-0.786228	-0.020074	1.7985	-0.0300464	0.439289	0.0328402	
-0.0103544	-0.786628	-0.020841	1.79852	-0.0311969	0.439756	0.0328478	
-0.0107379	-0.787029	-0.021608	1.79853	-0.0323474	0.440267	0.0328573	
-0.0111214	-0.787429	-0.022375	1.79851	-0.0334979	0.440778	0.0328691	
-0.0115049	-0.78783	-0.023142	1.79848	-0.0346483	0.44129	0.0328834	
-0.0118884	-0.78823	-0.023909	1.79844	-0.0357988	0.441801	0.0329003	
-0.0122718	-0.788631	-0.024676	1.79841	-0.0369493	0.442312	0.0329202	
-0.0126553	-0.789032	-0.025443	1.79837	-0.0380998	0.442824	0.0329433	
-0.0130388	-0.789432	-0.02621	1.79832	-0.0392503	0.443335	0.03297	
-0.0134223	-0.789833	-0.0269769	1.79828	-0.0404008	0.443846	0.0330005	
-0.0138058	-0.790233	-0.0277439	1.79824	-0.0415513	0.444358	0.0330353	
-0.0141893	-0.790634	-0.0285109	1.79819	-0.0427017	0.444869	0.0330748	
-0.0145728	-0.791034	-0.0292779	1.79814	-0.0438522	0.44538	0.0331192	
-0.0149563	-0.791435	-0.0300449	1.79809	-0.0450027	0.445892	0.0331691	
-0.0153398	-0.791835	-0.0308119	1.79804	-0.0461532	0.446403	0.0332248	
-0.0157233	-0.792236	-0.0315789	1.79799	-0.0473037	0.446914	0.0332867	
-0.0161068	-0.792636	-0.0323459	1.79794	-0.0484542	0.447426	0.0333553	
-0.0164903	-0.793037	-0.0331129	1.79788	-0.0496047	0.447937	0.033431	
-0.0168738	-0.793438	-0.0338799	1.79783	-0.0507551	0.448448	0.0335143	
-0.0172573	-0.793838	-0.0346468	1.79777	-0.0519056	0.44896	0.0336056	
-0.0176408	-0.794239	-0.0354138	1.79771	-0.0530561	0.449471	0.0337055	
-0.0180243	-0.794639	-0.0361808	1.79765	-0.0542066	0.449982	0.0338144	
-0.0184078	-0.79504	-0.0369478	1.79758	-0.0553571	0.450494	0.0339329	
-0.0187913	-0.79544	-0.0377148	1.79752	-0.0565076	0.451005	0.0340614	
-0.0191748	-0.795841	-0.0384818	1.79745	-0.0576581	0.451516	0.0342005	
-0.0195583	-0.796241	-0.0392488	1.79739	-0.0588085	0.452027	0.0343507	
-0.0199418	-0.796642	-0.0400158	1.79732	-0.059959	0.452539	0.0345125	
-0.0203252	-0.797042	-0.0407828	1.79724	-0.0611095	0.45305	0.0346866	
-0.0207087	-0.797443	-0.0415498	1.79717	-0.06226	0.453561	0.0348735	
-0.0210922	-0.797843	-0.0423168	1.7971	-0.0634105	0.454073	0.0350737	
-0.0214757	-0.798244	-0.0430837	1.79702	-0.064561	0.454584	0.0352879	
-0.0218592	-0.798645	-0.0438507	1.79694	-0.0657115	0.455095	0.0355165	
-0.0222427	-0.799045	-0.0446177	1.79686	-0.0668619	0.455607	0.0357603	
-0.0226262	-0.799446	-0.0453847	1.79678	-0.0680124	0.456118	0.0360198	
-0.0230097	-0.799846	-0.0461517	1.79669	-0.0691629	0.456629	0.0362956	
-0.0233932	-0.800247	-0.0469187	1.79661	-0.0703134	0.457141	0.0365884	
-0.0237767	-0.800647	-0.0476857	1.79652	-0.0714639	0.457652	0.0368987	
-0.0241602	-0.801048	-0.0484527	1.79643	-0.0726144	0.458163	0.0372272	
-0.0245437	-0.801448	-0.0492197	1.79633	-0.0737649	0.458675	0.0375746	
-0.0249272	-0.801849	-0.0499867	1.79624	-0.0749153	0.459186	0.0379414	
-0.0253107	-0.802249	-0.0507536	1.79614	-0.0760658	0.459697	0.0383282	
-0.0256942	-0.80265	-0.0515206	1.79604	-0.0772163	0.460209	0.0387359	
-0.0260777	-0.80305	-0.0522876	1.79594	-0.0783668	0.46072	0.0391649	
-0.0264612	-0.803451	-0.0530546	1.79584	-0.0795173	0.461231	0.0396159	
-0.0268447	-0.803852	-0.0538216	1.79574	-0.0806678	0.461743	0.0400896	
-0.0272282	-0.804252	-0.0545886	1.79563	-0.0818183	0.462254	0.0405867	
-0.0276117	-0.804653	-0.0553556	1.79552	-0.0829687	0.462765	0.0411078	
-0.0279951	-0.805053	-0.0561226	1.79541	-0.0841192	0.463277	0.0416536	
-0.0283786	-0.805454	-0.0568896	1.79529	-0.0852697	0.463788	0.0422248	
-0.0287621	-0.805854	-0.0576566	1.79518	-0.0864202	0.464299	0.0428219	
-0.0291456	-0.806255	-0.0584235	1.79506	-0.0875707	0.464811	0.0434457	
-0.0295291	-0.806655	-0.0591905	1.79494	-0.0887212	0.465322	0.0440968	
-0.0299126	-0.807056	-0.0599575	1.79481	-0.0898717	0.465833	0.044776	
-0.0302961	-0.807456	-0.0607245	1.79469	-0.0910221	0.466345	0.0454838	
-0.0306796	-0.807857	-0.0614915	1.79456	-0.0921726	0.466856	0.0462209	
-0.0310631	-0.808257	-0.0622585	1.79443	-0.0933231	0.467367	0.0469881	
-0.0314466	-0.808658	-0.0630255	1.7943	-0.0944736	0.467879	0.0477859	
-0.0318301	-0.809059	-0.0637925	1.79416	-0.0956241	0.46839	0.048615	
-0.0322136	-0.809459	-0.0645595	1.79402	-0.0967746	0.468901	0.0494762	
-0.0325971	-0.80986	-0.0653265	1.79388	-0.0979251	0.469413	0.05037	
-0.0329806	-0.81026	-0.0660935	1.79374	-0.0990755	0.469924	0.0512971	
-0.0333641	-0.810661	-0.0668604	1.79359	-0.100226	0.470435	0.0522582	
-0.0337476	-0.811061	-0.0676274	1.79345	-0.101377	0.470947	0.0532539	
-0.0341311	-0.811462	-0.0683944	1.7933	-0.102527	0.471458	0.0542849	
-0.0345146	-0.811862	-0.0691614	1.79314	-0.103677	0.471969	0.0553518	
-0.0348981	-0.812263	-0.0699284	1.79299	-0.104828	0.472481	0.0564553	
-0.0352816	-0.812663	-0.0706954	1.79283	-0.105978	0.472992	0.0575959	
-0.0356651	-0.813064	-0.0714624	1.79267	-0.107129	0.473503	0.0587745	
-0.0360485	-0.813464	-0.0722294	1.7925	-0.108279	0.474015	0.0599914	
-0.036432	-0.813865	-0.0729964	1.79234	-0.10943	0.474526	0.0612475	
-0.0368155	-0.814266	-0.0737634	1.79217	-0.11058	0.475037	0.0625432	
-0.037199	-0.814666	-0.0745303	1.792	-0.111731	0.475549	0.0638793	
-0.0375825	-0.815067	-0.0752973	1.79183	-0.112881	0.47606	0.0652564	
-0.037966	-0.815467	-0.0760643	1.79165	-0.114032	0.476571	0.066675	
-0.0383495	-0.815868	-0.0768313	1.79147	-0.115182	0.477083	0.0681357	
-0.038733	-0.816268	-0.0775983	1.79129	-0.116333	0.477594	0.0696392	
-0.0391165	-0.816669	-0.0783653	1.7911	-0.117483	0.478105	0.0711731	
-0.0395	-0.817069	-0.0791323	1.79091	-0.118634	0.478616	0.0727071	
-0.0398835	-0.81747	-0.0798993	1.79072	-0.119784	0.479128	0.0742411	
-0.040267	-0.81787	-0.0806663	1.79053	-0.120935	0.479639	0.0757751	
-0.0406505	-0.818271	-0.0814333	1.79034	-0.122085	0.48015	0.0773091	
-0.041034	-0.818671	-0.0822003	1.79014	-0.123236	0.480662	0.078843	
-0.0414175	-0.819072	-0.0829672	1.78994	-0.124386	0.481173	0.080377	
-0.041801	-0.819473	-0.0837342	1.7898	-0.125537	0.481684	0.081911	
