0.0078125
-0.00172096	-0.637183	-0.00207019	1.8195	-0.000564258	0.433273	-2.14719e-05	
-0.0033916	-0.63535	-0.00404077	1.822	-0.00110389	0.434735	-2.38573e-05	
-0.00510116	-0.63534	-0.00604874	1.82202	-0.0016543	0.434751	-2.38627e-05	
-0.00681751	-0.635349	-0.00806458	1.82201	-0.00220687	0.434752	-2.38402e-05	
-0.00853384	-0.635359	-0.0100804	1.82201	-0.00275943	0.434753	-2.38133e-05	
-0.0102499	-0.635371	-0.0120959	1.822	-0.00331192	0.434754	-2.37821e-05	
-0.0119658	-0.635383	-0.0141111	1.82199	-0.00386431	0.434754	-2.37468e-05	
-0.0136813	-0.635397	-0.016126	1.82198	-0.0044166	0.434753	-2.37073e-05	
-0.0153965	-0.635413	-0.0181404	1.82196	-0.00496876	0.434753	-2.36637e-05	
-0.0171112	-0.635429	-0.0201544	1.82195	-0.00552078	0.434752	-2.36159e-05	
-0.0188255	-0.635447	-0.0221677	1.82193	-0.00607265	0.43475	-2.3564e-05	
-0.0205393	-0.635466	-0.0241805	1.82191	-0.00662434	0.434748	-2.35079e-05	
-0.0222525	-0.635487	-0.0261927	1.82189	-0.00717584	0.434746	-2.34477e-05	
-0.023965	-0.635508	-0.0282041	1.82186	-0.00772713	0.434743	-2.33834e-05	
-0.025677	-0.635531	-0.0302147	1.82184	-0.00827821	0.43474	-2.3315e-05	
-0.0273882	-0.635555	-0.0322245	1.82181	-0.00882904	0.434737	-2.32425e-05	
-0.0290987	-0.63558	-0.0342334	1.82178	-0.00937962	0.434733	-2.31659e-05	
-0.0308083	-0.635607	-0.0362414	1.82175	-0.00992993	0.434729	-2.30852e-05	
-0.0325172	-0.635635	-0.0382484	1.82172	-0.01048	0.434725	-2.30006e-05	
-0.0342251	-0.635664	-0.0402543	1.82168	-0.0110297	0.43472	-2.29119e-05	
-0.035932	-0.635694	-0.0422591	1.82165	-0.0115791	0.434714	-2.28191e-05	
-0.037638	-0.635726	-0.0442628	1.82161	-0.0121281	0.434709	-2.27224e-05	
-0.0393429	-0.635758	-0.0462652	1.82157	-0.0126769	0.434703	-2.26217e-05	
-0.0410468	-0.635792	-0.0482664	1.82153	-0.0132252	0.434696	-2.2517e-05	
-0.0427495	-0.635828	-0.0502662	1.82148	-0.0137732	0.434689	-2.24084e-05	
-0.044451	-0.635864	-0.0522647	1.82144	-0.0143208	0.434682	-2.22959e-05	
-0.0461513	-0.635902	-0.0542617	1.82139	-0.0148679	0.434675	-2.21795e-05	
-0.0478503	-0.635941	-0.0562572	1.82134	-0.0154147	0.434667	-2.20592e-05	
-0.049548	-0.635981	-0.0582511	1.82129	-0.0159609	0.434659	-2.19351e-05	
-0.0512443	-0.636022	-0.0602435	1.82124	-0.0165068	0.43465	-2.18071e-05	
-0.0529392	-0.636064	-0.0622342	1.82118	-0.0170521	0.434641	-2.16754e-05	
-0.0546327	-0.636108	-0.0642232	1.82113	-0.017597	0.434632	-2.15398e-05	
-0.0563246	-0.636153	-0.0662105	1.82107	-0.0181413	0.434622	-2.14005e-05	
-0.058015	-0.636199	-0.0681959	1.82101	-0.0186852	0.434612	-2.12575e-05	
-0.0597038	-0.636246	-0.0701795	1.82095	-0.0192285	0.434601	-2.11107e-05	
-0.061391	-0.636294	-0.0721611	1.82088	-0.0197713	0.434591	-2.09603e-05	
-0.0630764	-0.636344	-0.0741408	1.82082	-0.0203134	0.434579	-2.08063e-05	
-0.0647602	-0.636395	-0.0761185	1.82075	-0.0208551	0.434568	-2.06486e-05	
-0.0664422	-0.636446	-0.0780941	1.82068	-0.0213961	0.434556	-2.04874e-05	
-0.0681223	-0.636499	-0.0800676	1.82061	-0.0219365	0.434544	-2.03226e-05	
-0.0698006	-0.636554	-0.0820389	1.82054	-0.0224763	0.434531	-2.01542e-05	
-0.071477	-0.636609	-0.084008	1.82046	-0.0230154	0.434518	-1.99824e-05	
-0.0731515	-0.636665	-0.0859748	1.82039	-0.023554	0.434505	-1.98071e-05	
-0.074824	-0.636723	-0.0879393	1.82031	-0.0240918	0.434491	-1.96284e-05	
-0.0764944	-0.636782	-0.0899015	1.82023	-0.024629	0.434477	-1.94462e-05	
-0.0781628	-0.636841	-0.0918612	1.82015	-0.0251654	0.434463	-1.92607e-05	
-0.0798291	-0.636902	-0.0938184	1.82007	-0.0257012	0.434448	-1.90719e-05	
-0.0814932	-0.636964	-0.0957732	1.81999	-0.0262362	0.434433	-1.88798e-05	
-0.0831552	-0.637027	-0.0977254	1.8199	-0.0267706	0.434418	-1.86844e-05	
-0.0848149	-0.637092	-0.099675	1.81981	-0.0273041	0.434402	-1.84858e-05	
-0.0864723	-0.637157	-0.101622	1.81972	-0.027837	0.434386	-1.82839e-05	
-0.0881275	-0.637223	-0.103566	1.81963	-0.028369	0.43437	-1.8079e-05	
-0.0897803	-0.637291	-0.105508	1.81954	-0.0289002	0.434353	-1.78709e-05	
-0.0914307	-0.637359	-0.107446	1.81945	-0.0294307	0.434336	-1.76597e-05	
-0.0930787	-0.637429	-0.109382	1.81935	-0.0299604	0.434319	-1.74455e-05	
-0.0947242	-0.6375	-0.111315	1.81926	-0.0304892	0.434301	-1.72282e-05	
-0.0963672	-0.637571	-0.113245	1.81916	-0.0310172	0.434284	-1.7008e-05	
-0.0980077	-0.637644	-0.115173	1.81906	-0.0315443	0.434265	-1.67849e-05	
-0.0996456	-0.637718	-0.117097	1.81896	-0.0320706	0.434247	-1.65588e-05	
-0.101281	-0.637793	-0.119018	1.81885	-0.032596	0.434228	-1.63299e-05	
-0.102914	-0.637868	-0.120936	1.81875	-0.0331206	0.434209	-1.60982e-05	
-0.104544	-0.637945	-0.122851	1.81864	-0.0336442	0.434189	-1.58637e-05	
-0.106171	-0.638023	-0.124762	1.81853	-0.0341669	0.434169	-1.56265e-05	
-0.107795	-0.638102	-0.126671	1.81842	-0.0346887	0.434149	-1.53865e-05	
-0.109417	-0.638182	-0.128576	1.81831	-0.0352096	0.434129	-1.51439e-05	
-0.111036	-0.638263	-0.130478	1.8182	-0.0357296	0.434108	-1.48987e-05	
-0.112652	-0.638344	-0.132377	1.81809	-0.0362486	0.434087	-1.46509e-05	
-0.114265	-0.638427	-0.134272	1.81797	-0.0367666	0.434066	-1.44005e-05	
-0.115876	-0.638511	-0.136164	1.81786	-0.0372837	0.434044	-1.41477e-05	
-0.117483	-0.638595	-0.138052	1.81774	-0.0377997	0.434022	-1.38924e-05	
-0.119087	-0.638681	-0.139937	1.81762	-0.0383148	0.434	-1.36347e-05	
-0.120689	-0.638768	-0.141818	1.8175	-0.0388289	0.433977	-1.33746e-05	
-0.122287	-0.638855	-0.143696	1.81738	-0.039342	0.433955	-1.31121e-05	
-0.123882	-0.638943	-0.145571	1.81725	-0.039854	0.433932	-1.28474e-05	
-0.125474	-0.639033	-0.147441	1.81713	-0.040365	0.433908	-1.25804e-05	
-0.127063	-0.639123	-0.149308	1.817	-0.040875	0.433885	-1.23112e-05	
-0.128649	-0.639214	-0.151172	1.81688	-0.0413839	0.433861	-1.20399e-05	
-0.130232	-0.639306	-0.153031	1.81675	-0.0418917	0.433837	-1.17664e-05	
-0.131811	-0.639399	-0.154887	1.81662	-0.0423985	0.433812	-1.14908e-05	
-0.133388	-0.639492	-0.156739	1.81649	-0.0429042	0.433788	-1.12132e-05	
-0.13496	-0.639587	-0.158587	1.81635	-0.0434088	0.433763	-1.09336e-05	
-0.13653	-0.639682	-0.160432	1.81622	-0.0439123	0.433738	-1.0652e-05	
-0.138096	-0.639779	-0.162272	1.81608	-0.0444147	0.433712	-1.03685e-05	
-0.139659	-0.639876	-0.164109	1.81595	-0.044916	0.433686	-1.00831e-05	
-0.141219	-0.639974	-0.165941	1.81581	-0.0454162	0.433661	-9.79585e-06	
-0.142775	-0.640073	-0.16777	1.81567	-0.0459152	0.433634	-9.50682e-06	
-0.144328	-0.640172	-0.169595	1.81553	-0.0464131	0.433608	-9.21604e-06	
-0.145877	-0.640272	-0.171415	1.81539	-0.0469099	0.433581	-8.92354e-06	
-0.147423	-0.640374	-0.173232	1.81525	-0.0474055	0.433554	-8.62937e-06	
-0.148966	-0.640476	-0.175044	1.81511	-0.0478999	0.433527	-8.33357e-06	
-0.150504	-0.640578	-0.176853	1.81496	-0.0483931	0.4335	-8.03617e-06	
-0.15204	-0.640682	-0.178657	1.81481	-0.0488852	0.433472	-7.73723e-06	
-0.153571	-0.640786	-0.180457	1.81467	-0.0493761	0.433444	-7.43677e-06	
-0.1551	-0.640891	-0.182253	1.81452	-0.0498658	0.433416	-7.13484e-06	
-0.156624	-0.640997	-0.184045	1.81437	-0.0503543	0.433388	-6.83149e-06	
-0.158145	-0.641103	-0.185832	1.81422	-0.0508416	0.43336	-6.52674e-06	
-0.159662	-0.641211	-0.187616	1.81407	-0.0513277	0.433331	-6.22064e-06	
-0.161176	-0.641318	-0.189394	1.81392	-0.0518126	0.433302	-5.91323e-06	
-0.162686	-0.641427	-0.191169	1.81376	-0.0522962	0.433273	-5.60456e-06	
-0.164192	-0.641536	-0.192939	1.81361	-0.0527787	0.433243	-5.29465e-06	
-0.164108	-0.641529	-0.192841	1.81362	-0.0527518	0.433246	-5.29361e-06	
-0.164113	-0.64153	-0.192847	1.81362	-0.0527533	0.433246	-5.29361e-06	
-0.164113	-0.64153	-0.192846	1.81362	-0.0527532	0.433246	-5.29361e-06	
-0.164113	-0.64153	-0.192846	1.81362	-0.0527532	0.433246	-5.29361e-06	
-0.164113	-0.64153	-0.192846	1.81362	-0.0527532	0.433246	-5.29361e-06	
-0.164113	-0.64153	-0.192846	1.81362	-0.0527532	0.433246	-5.29361e-06	
-0.164113	-0.64153	-0.192846	1.81362	-0.0527532	0.433246	-5.29361e-06	
-0.164113	-0.64153	-0.192846	1.81362	-0.0527532	0.433246	-5.29361e-06	
-0.164113	-0.64153	-0.192846	1.81362	-0.0527532	0.433246	-5.29361e-06	
-0.164113	-0.64153	-0.192846	1.81362	-0.0527532	0.433246	-5.29361e-06	
-0.164113	-0.64153	-0.192846	1.81362	-0.0527532	0.433246	-5.29361e-06	
-0.164113	-0.64153	-0.192846	1.81362	-0.0527532	0.433246	-5.29361e-06	
-0.164113	-0.64153	-0.192846	1.81362	-0.0527532	0.433246	-5.29361e-06	
-0.164113	-0.64153	-0.192846	1.81362	-0.0527532	0.433246	-5.29361e-06	
-0.164113	-0.64153	-0.192846	1.81362	-0.0527532	0.433246	-5.29361e-06	
-0.164113	-0.64153	-0.192846	1.81362	-0.0527532	0.433246	-5.29361e-06	
-0.164113	-0.64153	-0.192846	1.81362	-0.0527532	0.433246	-5.29361e-06	
-0.164113	-0.64153	-0.192846	1.81362	-0.0527532	0.433246	-5.29361e-06	
-0.164113	-0.64153	-0.192846	1.81362	-0.0527532	0.433246	-5.29361e-06	
-0.164113	-0.64153	-0.192846	1.81362	-0.0527532	0.433246	-5.29361e-06	
-0.164113	-0.64153	-0.192846	1.81362	-0.0527532	0.433246	-5.29361e-06	
-0.164113	-0.64153	-0.192846	1.81362	-0.0527532	0.433246	-5.29361e-06	
-0.164113	-0.64153	-0.192846	1.81362	-0.0527532	0.433246	-5.29361e-06	
-0.164113	-0.64153	-0.192846	1.81362	-0.0527532	0.433246	-5.29361e-06	
-0.164113	-0.64153	-0.192846	1.81362	-0.0527532	0.433246	-5.29361e-06	
-0.164113	-0.64153	-0.192846	1.81362	-0.0527532	0.433246	-5.29361e-06	
-0.164113	-0.64153	-0.192846	1.81362	-0.0527532	0.433246	-5.29361e-06	
-0.164113	-0.64153	-0.192846	1.81362	-0.0527532	0.433246	-5.29361e-06	
-0.164113	-0.64153	-0.192846	1.81362	-0.0527532	0.433246	-5.29361e-06	
-0.164113	-0.64153	-0.192846	1.81362	-0.0527532	0.433246	-5.29361e-06	
-0.164113	-0.64153	-0.192846	1.81362	-0.0527532	0.433246	-5.29361e-06	
-0.164113	-0.64153	-0.192846	1.81362	-0.0527532	0.433246	-5.29361e-06	
-0.164113	-0.64153	-0.192846	1.81362	-0.0527532	0.433246	-5.29361e-06	
-0.164113	-0.64153	-0.192846	1.81362	-0.0527532	0.433246	-5.29361e-06	
-0.164113	-0.64153	-0.192846	1.81362	-0.0527532	0.433246	-5.29361e-06	
-0.164113	-0.64153	-0.192846	1.81362	-0.0527532	0.433246	-5.29361e-06	
-0.164113	-0.64153	-0.192846	1.81362	-0.0527532	0.433246	-5.29361e-06	
-0.164113	-0.64153	-0.192846	1.81362	-0.0527532	0.433246	-5.29361e-06	
-0.164113	-0.64153	-0.192846	1.81362	-0.0527532	0.433246	-5.29361e-06	
-0.164113	-0.64153	-0.192846	1.81362	-0.0527532	0.433246	-5.29361e-06	
-0.164113	-0.64153	-0.192846	1.81362	-0.0527532	0.433246	-5.29361e-06	
-0.164113	-0.64153	-0.192846	1.81362	-0.0527532	0.433246	-5.29361e-06	
-0.164113	-0.64153	-0.192846	1.81362	-0.0527532	0.433246	-5.29361e-06	
-0.164113	-0.64153	-0.192846	1.81362	-0.0527532	0.433246	-5.29361e-06	
-0.164113	-0.64153	-0.192846	1.81362	-0.0527532	0.433246	-5.29361e-06	
-0.164113	-0.64153	-0.192846	1.81362	-0.0527532	0.433246	-5.29361e-06	
-0.164113	-0.64153	-0.192846	1.81362	-0.0527532	0.433246	-5.29361e-06	
-0.164113	-0.64153	-0.192846	1.81362	-0.0527532	0.433246	-5.29361e-06	
-0.164113	-0.64153	-0.192846	1.81362	-0.0527532	0.433246	-5.29361e-06	
-0.164113	-0.64153	-0.192846	1.81362	-0.0527532	0.433246	-5.29361e-06	
-0.164113	-0.64153	-0.192846	1.81362	-0.0527532	0.433246	-5.29361e-06	
-0.164113	-0.64153	-0.192846	1.81362	-0.0527532	0.433246	-5.29361e-06	
-0.164113	-0.64153	-0.192846	1.81362	-0.0527532	0.433246	-5.29361e-06	
-0.164113	-0.64153	-0.192846	1.81362	-0.0527532	0.433246	-5.29361e-06	
-0.164113	-0.64153	-0.192846	1.81362	-0.0527532	0.433246	-5.29361e-06	
-0.164113	-0.64153	-0.192846	1.81362	-0.0527532	0.433246	-5.29361e-06	
-0.164113	-0.64153	-0.192846	1.81362	-0.0527532	0.433246	-5.29361e-06	
-0.164113	-0.64153	-0.192846	1.81362	-0.0527532	0.433246	-5.29361e-06	
-0.164113	-0.64153	-0.192846	1.81362	-0.0527532	0.433246	-5.29361e-06	
-0.164113	-0.64153	-0.192846	1.81362	-0.0527532	0.433246	-5.29361e-06	
-0.164113	-0.64153	-0.192846	1.81362	-0.0527532	0.433246	-5.29361e-06	
-0.164113	-0.64153	-0.192846	1.81362	-0.0527532	0.433246	-5.29361e-06	
-0.164113	-0.64153	-0.192846	1.81362	-0.0527532	0.433246	-5.29361e-06	
-0.164113	-0.64153	-0.192846	1.81362	-0.0527532	0.433246	-5.29361e-06	
-0.164113	-0.64153	-0.192846	1.81362	-0.0527532	0.433246	-5.29361e-06	
-0.164113	-0.64153	-0.192846	1.81362	-0.0527532	0.433246	-5.29361e-06	
-0.164113	-0.64153	-0.192846	1.81362	-0.0527532	0.433246	-5.29361e-06	
-0.164113	-0.64153	-0.192846	1.81362	-0.0527532	0.433246	-5.29361e-06	
-0.164113	-0.64153	-0.192846	1.81362	-0.0527532	0.433246	-5.29361e-06	
-0.164113	-0.64153	-0.192846	1.81362	-0.0527532	0.433246	-5.29361e-06	
-0.164113	-0.64153	-0.192846	1.81362	-0.0527532	0.433246	-5.29361e-06	
-0.164113	-0.64153	-0.192846	1.81362	-0.0527532	0.433246	-5.29361e-06	
-0.164113	-0.64153	-0.192846	1.81362	-0.0527532	0.433246	-5.29361e-06	
-0.164113	-0.64153	-0.192846	1.81362	-0.0527532	0.433246	-5.29361e-06	
-0.164113	-0.64153	-0.192846	1.81362	-0.0527532	0.433246	-5.29361e-06	
-0.164113	-0.64153	-0.192846	1.81362	-0.0527532	0.433246	-5.29361e-06	
-0.164113	-0.64153	-0.192846	1.81362	-0.0527532	0.433246	-5.29361e-06	
-0.164113	-0.64153	-0.192846	1.81362	-0.0527532	0.433246	-5.29361e-06	
-0.164113	-0.64153	-0.192846	1.81362	-0.0527532	0.433246	-5.29361e-06	
-0.164113	-0.64153	-0.192846	1.81362	-0.0527532	0.433246	-5.29361e-06	
-0.164113	-0.64153	-0.192846	1.81362	-0.0527532	0.433246	-5.29361e-06	
-0.164113	-0.64153	-0.192846	1.81362	-0.0527532	0.433246	-5.29361e-06	
-0.164113	-0.64153	-0.192846	1.81362	-0.0527532	0.433246	-5.29361e-06	
-0.164113	-0.64153	-0.192846	1.81362	-0.0527532	0.433246	-5.29361e-06	
-0.164113	-0.64153	-0.192846	1.81362	-0.0527532	0.433246	-5.29361e-06	
-0.164113	-0.64153	-0.192846	1.81362	-0.0527532	0.433246	-5.29361e-06	
-0.164113	-0.64153	-0.192846	1.81362	-0.0527532	0.433246	-5.29361e-06	
-0.164113	-0.64153	-0.192846	1.81362	-0.0527532	0.433246	-5.29361e-06	
-0.164113	-0.64153	-0.192846	1.81362	-0.0527532	0.433246	-5.29361e-06	
-0.164113	-0.64153	-0.192846	1.81362	-0.0527532	0.433246	-5.29361e-06	
-0.164113	-0.64153	-0.192846	1.81362	-0.0527532	0.433246	-5.29361e-06	
-0.164113	-0.64153	-0.192846	1.81362	-0.0527532	0.433246	-5.29361e-06	
-0.164113	-0.64153	-0.192846	1.81362	-0.0527532	0.433246	-5.29361e-06	
-0.164113	-0.64153	-0.192846	1.81362	-0.0527532	0.433246	-5.29361e-06	
-0.164113	-0.64153	-0.192846	1.81362	-0.0527532	0.433246	-5.29361e-06	
-0.164113	-0.64153	-0.192846	1.81362	-0.0527532	0.433246	-5.29361e-06	
-0.164113	-0.64153	-0.192846	1.81362	-0.0527532	0.433246	-5.29361e-06	
-0.164113	-0.64153	-0.192846	1.81362	-0.0527532	0.433246	-5.29361e-06	
-0.164113	-0.64153	-0.192846	1.81362	-0.0527532	0.433246	-5.29361e-06	
-0.164113	-0.64153	-0.192846	1.81362	-0.0527532	0.433246	-5.29361e-06	
-0.162489	-0.641954	-0.190857	1.81305	-0.0522215	0.432852	-5.62983e-06	
-0.160955	-0.642353	-0.188976	1.81252	-0.0517192	0.432481	-5.92945e-06	
-0.159413	-0.642756	-0.187085	1.81198	-0.0512148	0.432107	-6.23626e-06	
-0.157869	-0.643161	-0.185191	1.81145	-0.0507101	0.431733	-6.54765e-06	
-0.156324	-0.643567	-0.183293	1.8109	-0.050205	0.431358	-6.86379e-06	
-0.154777	-0.643975	-0.181392	1.81036	-0.0496996	0.430982	-7.1847e-06	
-0.153227	-0.644385	-0.179487	1.80981	-0.0491938	0.430605	-7.51042e-06	
-0.151676	-0.644797	-0.177578	1.80926	-0.0486876	0.430228	-7.84095e-06	
-0.150124	-0.645211	-0.175667	1.80871	-0.0481812	0.429849	-8.17632e-06	
-0.148569	-0.645627	-0.173752	1.80816	-0.0476744	0.42947	-8.51656e-06	
-0.147013	-0.646044	-0.171833	1.8076	-0.0471673	0.429089	-8.86169e-06	
-0.145455	-0.646463	-0.169911	1.80704	-0.0466599	0.428708	-9.21172e-06	
-0.143895	-0.646884	-0.167986	1.80648	-0.0461522	0.428326	-9.56668e-06	
-0.142334	-0.647307	-0.166058	1.80592	-0.0456443	0.427943	-9.92658e-06	
-0.140771	-0.647732	-0.164127	1.80535	-0.0451361	0.42756	-1.02914e-05	
-0.139207	-0.648158	-0.162193	1.80479	-0.0446277	0.427175	-1.06613e-05	
-0.137641	-0.648586	-0.160255	1.80422	-0.0441191	0.42679	-1.10361e-05	
-0.136074	-0.649016	-0.158314	1.80364	-0.0436103	0.426405	-1.1416e-05	
-0.134505	-0.649448	-0.156371	1.80307	-0.0431013	0.426018	-1.18009e-05	
-0.132935	-0.649881	-0.154424	1.80249	-0.0425921	0.425631	-1.21908e-05	
-0.131364	-0.650316	-0.152475	1.80191	-0.0420828	0.425243	-1.25858e-05	
-0.129791	-0.650753	-0.150523	1.80133	-0.0415733	0.424854	-1.29859e-05	
-0.128217	-0.651192	-0.148568	1.80075	-0.0410637	0.424464	-1.33911e-05	
-0.126642	-0.651632	-0.14661	1.80016	-0.0405539	0.424074	-1.38013e-05	
-0.125066	-0.652075	-0.14465	1.79957	-0.0400441	0.423684	-1.42167e-05	
-0.123489	-0.652518	-0.142687	1.79898	-0.0395342	0.423292	-1.46371e-05	
-0.121911	-0.652964	-0.140721	1.79839	-0.0390242	0.4229	-1.50627e-05	
-0.120331	-0.653411	-0.138753	1.7978	-0.0385141	0.422508	-1.54934e-05	
-0.118751	-0.65386	-0.136782	1.7972	-0.038004	0.422115	-1.59293e-05	
-0.11717	-0.65431	-0.134809	1.7966	-0.0374939	0.421721	-1.63703e-05	
-0.115588	-0.654763	-0.132833	1.796	-0.0369838	0.421327	-1.68165e-05	
-0.114005	-0.655216	-0.130855	1.7954	-0.0364736	0.420932	-1.72678e-05	
-0.112421	-0.655672	-0.128875	1.79479	-0.0359635	0.420536	-1.77243e-05	
-0.110837	-0.656129	-0.126892	1.79419	-0.0354534	0.42014	-1.81859e-05	
-0.109252	-0.656587	-0.124908	1.79358	-0.0349434	0.419744	-1.86527e-05	
-0.107666	-0.657048	-0.122921	1.79297	-0.0344334	0.419347	-1.91246e-05	
-0.106079	-0.657509	-0.120932	1.79235	-0.0339235	0.41895	-1.96017e-05	
-0.104492	-0.657973	-0.118941	1.79174	-0.0334137	0.418552	-2.0084e-05	
-0.102905	-0.658438	-0.116948	1.79112	-0.032904	0.418154	-2.05714e-05	
-0.101317	-0.658904	-0.114953	1.79051	-0.0323944	0.417755	-2.1064e-05	
-0.0997285	-0.659372	-0.112956	1.78989	-0.031885	0.417356	-2.15617e-05	
-0.0981398	-0.659842	-0.110958	1.78927	-0.0313757	0.416957	-2.20646e-05	
-0.0965507	-0.660313	-0.108957	1.78864	-0.0308665	0.416557	-2.25726e-05	
-0.0949613	-0.660785	-0.106955	1.78802	-0.0303576	0.416157	-2.30857e-05	
-0.0933717	-0.661259	-0.104952	1.78739	-0.0298488	0.415756	-2.3604e-05	
-0.0917819	-0.661735	-0.102946	1.78676	-0.0293403	0.415356	-2.41273e-05	
-0.0901919	-0.662211	-0.100939	1.78613	-0.028832	0.414954	-2.46558e-05	
-0.0886018	-0.66269	-0.0989311	1.7855	-0.0283239	0.414553	-2.51893e-05	
-0.0870117	-0.66317	-0.0969213	1.78487	-0.0278161	0.414151	-2.5728e-05	
-0.0854216	-0.663651	-0.0949101	1.78423	-0.0273086	0.41375	-2.62716e-05	
-0.0838315	-0.664133	-0.0928976	1.7836	-0.0268013	0.413347	-2.68204e-05	
-0.0822415	-0.664617	-0.0908839	1.78296	-0.0262944	0.412945	-2.73741e-05	
-0.0806517	-0.665102	-0.0888689	1.78232	-0.0257877	0.412543	-2.79329e-05	
-0.079062	-0.665589	-0.0868528	1.78168	-0.0252814	0.41214	-2.84967e-05	
-0.0774726	-0.666077	-0.0848356	1.78104	-0.0247755	0.411737	-2.90654e-05	
-0.0758834	-0.666566	-0.0828174	1.7804	-0.0242699	0.411334	-2.96391e-05	
-0.0742946	-0.667057	-0.0807982	1.77975	-0.0237647	0.410931	-3.02177e-05	
-0.0727061	-0.667548	-0.0787781	1.77911	-0.0232598	0.410528	-3.08013e-05	
-0.071118	-0.668041	-0.0767571	1.77846	-0.0227554	0.410124	-3.13897e-05	
-0.0695305	-0.668536	-0.0747353	1.77781	-0.0222514	0.409721	-3.1983e-05	
-0.0679434	-0.669031	-0.0727128	1.77716	-0.0217478	0.409317	-3.25812e-05	
-0.0663569	-0.669528	-0.0706895	1.77651	-0.0212447	0.408914	-3.31841e-05	
-0.064771	-0.670026	-0.0686657	1.77586	-0.020742	0.40851	-3.37919e-05	
-0.0631857	-0.670525	-0.0666413	1.7752	-0.0202399	0.408107	-3.44044e-05	
-0.0616012	-0.671025	-0.0646163	1.77455	-0.0197382	0.407703	-3.50216e-05	
-0.0600173	-0.671526	-0.0625909	1.77389	-0.019237	0.4073	-3.56436e-05	
-0.0584343	-0.672029	-0.0605651	1.77324	-0.0187363	0.406896	-3.62702e-05	
-0.0568522	-0.672533	-0.058539	1.77258	-0.0182362	0.406493	-3.69014e-05	
-0.0552709	-0.673037	-0.0565126	1.77192	-0.0177366	0.40609	-3.75373e-05	
-0.0536905	-0.673543	-0.054486	1.77126	-0.0172376	0.405687	-3.81777e-05	
-0.0521111	-0.67405	-0.0524592	1.7706	-0.0167391	0.405284	-3.88226e-05	
-0.0505328	-0.674558	-0.0504324	1.76994	-0.0162413	0.404881	-3.94721e-05	
-0.0489555	-0.675067	-0.0484055	1.76928	-0.015744	0.404478	-4.0126e-05	
-0.0473793	-0.675576	-0.0463786	1.76861	-0.0152474	0.404075	-4.07844e-05	
-0.0458043	-0.676087	-0.0443517	1.76795	-0.0147514	0.403673	-4.14471e-05	
-0.0442305	-0.676599	-0.042325	1.76729	-0.014256	0.403271	-4.21142e-05	
-0.0426579	-0.677112	-0.0402985	1.76662	-0.0137613	0.402869	-4.27855e-05	
-0.0410867	-0.677625	-0.0382723	1.76595	-0.0132673	0.402467	-4.34612e-05	
-0.0395168	-0.67814	-0.0362463	1.76529	-0.0127739	0.402065	-4.41411e-05	
-0.0379483	-0.678655	-0.0342208	1.76462	-0.0122813	0.401664	-4.48251e-05	
-0.0363812	-0.679172	-0.0321956	1.76395	-0.0117893	0.401263	-4.55133e-05	
-0.0348155	-0.679689	-0.0301709	1.76328	-0.0112981	0.400862	-4.62056e-05	
-0.0332514	-0.680207	-0.0281468	1.76261	-0.0108076	0.400462	-4.69019e-05	
-0.0316889	-0.680726	-0.0261233	1.76194	-0.0103179	0.400062	-4.76022e-05	
-0.030128	-0.681245	-0.0241004	1.76127	-0.00982887	0.399662	-4.83065e-05	
-0.0285687	-0.681766	-0.0220782	1.7606	-0.00934067	0.399263	-4.90147e-05	
-0.0270111	-0.682287	-0.0200568	1.75993	-0.00885324	0.398864	-4.97267e-05	
-0.0254552	-0.682808	-0.0180362	1.75926	-0.00836661	0.398466	-5.04426e-05	
-0.0239011	-0.683331	-0.0160165	1.75859	-0.0078808	0.398068	-5.11622e-05	
-0.0223489	-0.683854	-0.0139978	1.75792	-0.0073958	0.39767	-5.18855e-05	
-0.0207985	-0.684378	-0.01198	1.75724	-0.00691164	0.397273	-5.26125e-05	
-0.01925	-0.684903	-0.00996334	1.75657	-0.00642832	0.396876	-5.33431e-05	
-0.0177034	-0.685428	-0.00794775	1.7559	-0.00594585	0.39648	-5.40772e-05	
-0.0161589	-0.685953	-0.00593332	1.75523	-0.00546426	0.396084	-5.48148e-05	
-0.0146163	-0.68648	-0.00392011	1.75455	-0.00498354	0.395689	-5.55559e-05	
-0.0130759	-0.687007	-0.00190818	1.75388	-0.00450372	0.395295	-5.63004e-05	
-0.0115375	-0.687534	0.000102427	1.7532	-0.00402479	0.3949	-5.70482e-05	
-0.0100013	-0.688062	0.00211165	1.75253	-0.00354678	0.394507	-5.77992e-05	
-0.00846724	-0.688591	0.00411943	1.75186	-0.00306969	0.394114	-5.85535e-05	
-0.00693543	-0.68912	0.00612572	1.75118	-0.00259353	0.393721	-5.9311e-05	
-0.00699199	-0.689098	0.00605161	1.75121	-0.00261113	0.393738	-5.93121e-05	
-0.00698984	-0.689099	0.00605443	1.75121	-0.00261046	0.393737	-5.93121e-05	
-0.00698992	-0.689099	0.00605433	1.75121	-0.00261048	0.393737	-5.93121e-05	
-0.00698992	-0.689099	0.00605433	1.75121	-0.00261048	0.393737	-5.93121e-05	
-0.00698992	-0.689099	0.00605433	1.75121	-0.00261048	0.393737	-5.93121e-05	
-0.00698992	-0.689099	0.00605433	1.75121	-0.00261048	0.393737	-5.93121e-05	
-0.00698992	-0.689099	0.00605433	1.75121	-0.00261048	0.393737	-5.93121e-05	
-0.00698992	-0.689099	0.00605433	1.75121	-0.00261048	0.393737	-5.93121e-05	
-0.00698992	-0.689099	0.00605433	1.75121	-0.00261048	0.393737	-5.93121e-05	
-0.00698992	-0.689099	0.00605433	1.75121	-0.00261048	0.393737	-5.93121e-05	
-0.00698992	-0.689099	0.00605433	1.75121	-0.00261048	0.393737	-5.93121e-05	
-0.00698992	-0.689099	0.00605433	1.75121	-0.00261048	0.393737	-5.93121e-05	
-0.00698992	-0.689099	0.00605433	1.75121	-0.00261048	0.393737	-5.93121e-05	
-0.00698992	-0.689099	0.00605433	1.75121	-0.00261048	0.393737	-5.93121e-05	
-0.00698992	-0.689099	0.00605433	1.75121	-0.00261048	0.393737	-5.93121e-05	
-0.00698992	-0.689099	0.00605433	1.75121	-0.00261048	0.393737	-5.93121e-05	
-0.00698992	-0.689099	0.00605433	1.75121	-0.00261048	0.393737	-5.93121e-05	
-0.00698992	-0.689099	0.00605433	1.75121	-0.00261048	0.393737	-5.93121e-05	
-0.00698992	-0.689099	0.00605433	1.75121	-0.00261048	0.393737	-5.93121e-05	
-0.00698992	-0.689099	0.00605433	1.75121	-0.00261048	0.393737	-5.93121e-05	
-0.00698992	-0.689099	0.00605433	1.75121	-0.00261048	0.393737	-5.93121e-05	
-0.00698992	-0.689099	0.00605433	1.75121	-0.00261048	0.393737	-5.93121e-05	
-0.00698992	-0.689099	0.00605433	1.75121	-0.00261048	0.393737	-5.93121e-05	
-0.00698992	-0.689099	0.00605433	1.75121	-0.00261048	0.393737	-5.93121e-05	
-0.00698992	-0.689099	0.00605433	1.75121	-0.00261048	0.393737	-5.93121e-05	
-0.00698992	-0.689099	0.00605433	1.75121	-0.00261048	0.393737	-5.93121e-05	
-0.00698992	-0.689099	0.00605433	1.75121	-0.00261048	0.393737	-5.93121e-05	
-0.00698992	-0.689099	0.00605433	1.75121	-0.00261048	0.393737	-5.93121e-05	
-0.00698992	-0.689099	0.00605433	1.75121	-0.00261048	0.393737	-5.93121e-05	
-0.00698992	-0.689099	0.00605433	1.75121	-0.00261048	0.393737	-5.93121e-05	
-0.00698992	-0.689099	0.00605433	1.75121	-0.00261048	0.393737	-5.93121e-05	
-0.00698992	-0.689099	0.00605433	1.75121	-0.00261048	0.393737	-5.93121e-05	
-0.00698992	-0.689099	0.00605433	1.75121	-0.00261048	0.393737	-5.93121e-05	
-0.00698992	-0.689099	0.00605433	1.75121	-0.00261048	0.393737	-5.93121e-05	
-0.00698992	-0.689099	0.00605433	1.75121	-0.00261048	0.393737	-5.93121e-05	
-0.00698992	-0.689099	0.00605433	1.75121	-0.00261048	0.393737	-5.93121e-05	
-0.00698992	-0.689099	0.00605433	1.75121	-0.00261048	0.393737	-5.93121e-05	
-0.00698992	-0.689099	0.00605433	1.75121	-0.00261048	0.393737	-5.93121e-05	
-0.00698992	-0.689099	0.00605433	1.75121	-0.00261048	0.393737	-5.93121e-05	
-0.00698992	-0.689099	0.00605433	1.75121	-0.00261048	0.393737	-5.93121e-05	
-0.00698992	-0.689099	0.00605433	1.75121	-0.00261048	0.393737	-5.93121e-05	
-0.00698992	-0.689099	0.00605433	1.75121	-0.00261048	0.393737	-5.93121e-05	
-0.00698992	-0.689099	0.00605433	1.75121	-0.00261048	0.393737	-5.93121e-05	
-0.00698992	-0.689099	0.00605433	1.75121	-0.00261048	0.393737	-5.93121e-05	
-0.00698992	-0.689099	0.00605433	1.75121	-0.00261048	0.393737	-5.93121e-05	
-0.00698992	-0.689099	0.00605433	1.75121	-0.00261048	0.393737	-5.93121e-05	
-0.00698992	-0.689099	0.00605433	1.75121	-0.00261048	0.393737	-5.93121e-05	
-0.00698992	-0.689099	0.00605433	1.75121	-0.00261048	0.393737	-5.93121e-05	
-0.00698992	-0.689099	0.00605433	1.75121	-0.00261048	0.393737	-5.93121e-05	
-0.00698992	-0.689099	0.00605433	1.75121	-0.00261048	0.393737	-5.93121e-05	
-0.00698992	-0.689099	0.00605433	1.75121	-0.00261048	0.393737	-5.93121e-05	
-0.00698992	-0.689099	0.00605433	1.75121	-0.00261048	0.393737	-5.93121e-05	
-0.00698992	-0.689099	0.00605433	1.75121	-0.00261048	0.393737	-5.93121e-05	
-0.00698992	-0.689099	0.00605433	1.75121	-0.00261048	0.393737	-5.93121e-05	
-0.00698992	-0.689099	0.00605433	1.75121	-0.00261048	0.393737	-5.93121e-05	
-0.00698992	-0.689099	0.00605433	1.75121	-0.00261048	0.393737	-5.93121e-05	
-0.00698992	-0.689099	0.00605433	1.75121	-0.00261048	0.393737	-5.93121e-05	
-0.00698992	-0.689099	0.00605433	1.75121	-0.00261048	0.393737	-5.93121e-05	
-0.00698992	-0.689099	0.00605433	1.75121	-0.00261048	0.393737	-5.93121e-05	
-0.00698992	-0.689099	0.00605433	1.75121	-0.00261048	0.393737	-5.93121e-05	
-0.00698992	-0.689099	0.00605433	1.75121	-0.00261048	0.393737	-5.93121e-05	
-0.00698992	-0.689099	0.00605433	1.75121	-0.00261048	0.393737	-5.93121e-05	
-0.00698992	-0.689099	0.00605433	1.75121	-0.00261048	0.393737	-5.93121e-05	
-0.00698992	-0.689099	0.00605433	1.75121	-0.00261048	0.393737	-5.93121e-05	
-0.00698992	-0.689099	0.00605433	1.75121	-0.00261048	0.393737	-5.93121e-05	
-0.00698992	-0.689099	0.00605433	1.75121	-0.00261048	0.393737	-5.93121e-05	
-0.00698992	-0.689099	0.00605433	1.75121	-0.00261048	0.393737	-5.93121e-05	
-0.00698992	-0.689099	0.00605433	1.75121	-0.00261048	0.393737	-5.93121e-05	
-0.00698992	-0.689099	0.00605433	1.75121	-0.00261048	0.393737	-5.93121e-05	
-0.00698992	-0.689099	0.00605433	1.75121	-0.00261048	0.393737	-5.93121e-05	
-0.00698992	-0.689099	0.00605433	1.75121	-0.00261048	0.393737	-5.93121e-05	
-0.00698992	-0.689099	0.00605433	1.75121	-0.00261048	0.393737	-5.93121e-05	
-0.00698992	-0.689099	0.00605433	1.75121	-0.00261048	0.393737	-5.93121e-05	
-0.00698992	-0.689099	0.00605433	1.75121	-0.00261048	0.393737	-5.93121e-05	
-0.00698992	-0.689099	0.00605433	1.75121	-0.00261048	0.393737	-5.93121e-05	
-0.00698992	-0.689099	0.00605433	1.75121	-0.00261048	0.393737	-5.93121e-05	
-0.00698992	-0.689099	0.00605433	1.75121	-0.00261048	0.393737	-5.93121e-05	
-0.00698992	-0.689099	0.00605433	1.75121	-0.00261048	0.393737	-5.93121e-05	
-0.00698992	-0.689099	0.00605433	1.75121	-0.00261048	0.393737	-5.93121e-05	
-0.00698992	-0.689099	0.00605433	1.75121	-0.00261048	0.393737	-5.93121e-05	
-0.00698992	-0.689099	0.00605433	1.75121	-0.00261048	0.393737	-5.93121e-05	
-0.00698992	-0.689099	0.00605433	1.75121	-0.00261048	0.393737	-5.93121e-05	
-0.00698992	-0.689099	0.00605433	1.75121	-0.00261048	0.393737	-5.93121e-05	
-0.00698992	-0.689099	0.00605433	1.75121	-0.00261048	0.393737	-5.93121e-05	
-0.00698992	-0.689099	0.00605433	1.75121	-0.00261048	0.393737	-5.93121e-05	
-0.00698992	-0.689099	0.00605433	1.75121	-0.00261048	0.393737	-5.93121e-05	
-0.00698992	-0.689099	0.00605433	1.75121	-0.00261048	0.393737	-5.93121e-05	
-0.00698992	-0.689099	0.00605433	1.75121	-0.00261048	0.393737	-5.93121e-05	
-0.00698992	-0.689099	0.00605433	1.75121	-0.00261048	0.393737	-5.93121e-05	
-0.00698992	-0.689099	0.00605433	1.75121	-0.00261048	0.393737	-5.93121e-05	
-0.00698992	-0.689099	0.00605433	1.75121	-0.00261048	0.393737	-5.93121e-05	
-0.00698992	-0.689099	0.00605433	1.75121	-0.00261048	0.393737	-5.93121e-05	
-0.00698992	-0.689099	0.00605433	1.75121	-0.00261048	0.393737	-5.93121e-05	
-0.00698992	-0.689099	0.00605433	1.75121	-0.00261048	0.393737	-5.93121e-05	
-0.00698992	-0.689099	0.00605433	1.75121	-0.00261048	0.393737	-5.93121e-05	
-0.00698992	-0.689099	0.00605433	1.75121	-0.00261048	0.393737	-5.93121e-05	
-0.00698992	-0.689099	0.00605433	1.75121	-0.00261048	0.393737	-5.93121e-05	
-0.00698992	-0.689099	0.00605433	1.75121	-0.00261048	0.393737	-5.93121e-05	
-0.00698992	-0.689099	0.00605433	1.75121	-0.00261048	0.393737	-5.93121e-05	
-0.00698992	-0.689099	0.00605433	1.75121	-0.00261048	0.393737	-5.93121e-05	
-0.00857928	-0.689102	0.0039693	1.75121	-0.00310601	0.393745	-5.93169e-05	
-0.0101081	-0.689105	0.00196369	1.75122	-0.00358267	0.393752	-5.93182e-05	
-0.0116392	-0.68911	-4.48343e-05	1.75122	-0.00406003	0.39376	-5.93155e-05	
-0.01317	-0.689115	-0.00205309	1.75122	-0.00453733	0.393768	-5.93091e-05	
-0.0147007	-0.689121	-0.00406114	1.75122	-0.00501459	0.393776	-5.92987e-05	
-0.0162312	-0.689127	-0.00606893	1.75123	-0.00549179	0.393784	-5.92846e-05	
-0.0177615	-0.689135	-0.00807642	1.75123	-0.00596893	0.393792	-5.92666e-05	
-0.0192915	-0.689143	-0.0100835	1.75122	-0.00644599	0.3938	-5.92448e-05	
-0.0208213	-0.689152	-0.0120903	1.75122	-0.00692296	0.393809	-5.92192e-05	
-0.0223506	-0.689162	-0.0140965	1.75122	-0.00739982	0.393817	-5.91898e-05	
-0.0238796	-0.689173	-0.0161023	1.75122	-0.00787657	0.393826	-5.91565e-05	
-0.0254082	-0.689184	-0.0181075	1.75121	-0.0083532	0.393835	-5.91195e-05	
-0.0269363	-0.689197	-0.020112	1.75121	-0.00882968	0.393844	-5.90786e-05	
-0.028464	-0.68921	-0.022116	1.7512	-0.00930602	0.393853	-5.9034e-05	
-0.0299911	-0.689224	-0.0241192	1.7512	-0.00978219	0.393862	-5.89856e-05	
-0.0315176	-0.689239	-0.0261216	1.75119	-0.0102582	0.393872	-5.89334e-05	
-0.0330435	-0.689254	-0.0281232	1.75118	-0.010734	0.393881	-5.88774e-05	
-0.0345687	-0.689271	-0.030124	1.75117	-0.0112096	0.393891	-5.88177e-05	
-0.0360933	-0.689288	-0.0321239	1.75116	-0.011685	0.393901	-5.87543e-05	
-0.0376172	-0.689306	-0.0341228	1.75115	-0.0121602	0.393911	-5.86872e-05	
-0.0391402	-0.689325	-0.0361207	1.75114	-0.0126352	0.393921	-5.86163e-05	
-0.0406625	-0.689344	-0.0381175	1.75113	-0.0131099	0.393931	-5.85418e-05	
-0.042184	-0.689365	-0.0401132	1.75112	-0.0135843	0.393941	-5.84635e-05	
-0.0437045	-0.689386	-0.0421078	1.75111	-0.0140585	0.393952	-5.83816e-05	
-0.0452242	-0.689408	-0.0441011	1.75109	-0.0145324	0.393962	-5.82961e-05	
-0.0467429	-0.689431	-0.0460932	1.75108	-0.015006	0.393973	-5.82069e-05	
-0.0482607	-0.689454	-0.048084	1.75106	-0.0154793	0.393984	-5.81141e-05	
-0.0497774	-0.689479	-0.0500735	1.75105	-0.0159523	0.393995	-5.80177e-05	
-0.051293	-0.689504	-0.0520615	1.75103	-0.016425	0.394006	-5.79177e-05	
-0.0528076	-0.68953	-0.0540481	1.75101	-0.0168974	0.394017	-5.78141e-05	
-0.054321	-0.689557	-0.0560332	1.75099	-0.0173694	0.394028	-5.77071e-05	
-0.0558333	-0.689584	-0.0580168	1.75097	-0.017841	0.394039	-5.75964e-05	
-0.0573443	-0.689612	-0.0599987	1.75095	-0.0183122	0.394051	-5.74823e-05	
-0.0588542	-0.689641	-0.0619791	1.75093	-0.0187831	0.394063	-5.73647e-05	
-0.0603627	-0.689671	-0.0639577	1.75091	-0.0192536	0.394074	-5.72436e-05	
-0.0618699	-0.689702	-0.0659347	1.75089	-0.0197237	0.394086	-5.71191e-05	
-0.0633758	-0.689733	-0.0679098	1.75086	-0.0201934	0.394098	-5.69912e-05	
-0.0648804	-0.689765	-0.0698831	1.75084	-0.0206626	0.39411	-5.68599e-05	
-0.0663835	-0.689798	-0.0718546	1.75082	-0.0211315	0.394123	-5.67252e-05	
-0.0678851	-0.689832	-0.0738241	1.75079	-0.0215998	0.394135	-5.65871e-05	
-0.0693853	-0.689866	-0.0757917	1.75077	-0.0220677	0.394147	-5.64458e-05	
-0.0708839	-0.689901	-0.0777573	1.75074	-0.0225352	0.39416	-5.63011e-05	
-0.0723811	-0.689937	-0.0797209	1.75071	-0.0230022	0.394173	-5.61531e-05	
-0.0738766	-0.689973	-0.0816823	1.75068	-0.0234686	0.394185	-5.6002e-05	
-0.0753705	-0.690011	-0.0836416	1.75065	-0.0239346	0.394198	-5.58476e-05	
-0.0768627	-0.690049	-0.0855988	1.75062	-0.0244001	0.394211	-5.569e-05	
-0.0783533	-0.690088	-0.0875537	1.75059	-0.024865	0.394224	-5.55292e-05	
-0.0798422	-0.690127	-0.0895064	1.75056	-0.0253295	0.394238	-5.53653e-05	
-0.0813293	-0.690167	-0.0914567	1.75053	-0.0257934	0.394251	-5.51983e-05	
-0.0828146	-0.690208	-0.0934047	1.7505	-0.0262567	0.394264	-5.50282e-05	
-0.0842981	-0.69025	-0.0953503	1.75047	-0.0267195	0.394278	-5.4855e-05	
-0.0857798	-0.690292	-0.0972935	1.75043	-0.0271817	0.394291	-5.46788e-05	
-0.0872596	-0.690336	-0.0992342	1.7504	-0.0276433	0.394305	-5.44997e-05	
-0.0887375	-0.690379	-0.101172	1.75036	-0.0281044	0.394319	-5.43175e-05	
-0.0902135	-0.690424	-0.103108	1.75033	-0.0285648	0.394333	-5.41324e-05	
-0.0916875	-0.690469	-0.105041	1.75029	-0.0290246	0.394347	-5.39445e-05	
-0.0931595	-0.690515	-0.106972	1.75025	-0.0294839	0.394361	-5.37536e-05	
-0.0946294	-0.690562	-0.108899	1.75021	-0.0299425	0.394375	-5.35599e-05	
-0.0960974	-0.690609	-0.110824	1.75018	-0.0304004	0.39439	-5.33634e-05	
-0.0975632	-0.690657	-0.112747	1.75014	-0.0308577	0.394404	-5.31641e-05	
-0.0990269	-0.690706	-0.114666	1.7501	-0.0313144	0.394418	-5.29621e-05	
-0.100488	-0.690755	-0.116583	1.75006	-0.0317704	0.394433	-5.27574e-05	
-0.101948	-0.690805	-0.118497	1.75001	-0.0322257	0.394448	-5.25499e-05	
-0.103405	-0.690856	-0.120407	1.74997	-0.0326804	0.394462	-5.23399e-05	
-0.10486	-0.690907	-0.122315	1.74993	-0.0331343	0.394477	-5.21272e-05	
-0.106313	-0.690959	-0.12422	1.74989	-0.0335876	0.394492	-5.19119e-05	
-0.107763	-0.691012	-0.126122	1.74984	-0.0340402	0.394507	-5.16941e-05	
-0.109211	-0.691065	-0.128021	1.7498	-0.034492	0.394522	-5.14737e-05	
-0.110657	-0.691119	-0.129917	1.74975	-0.0349431	0.394538	-5.12509e-05	
-0.1121	-0.691174	-0.13181	1.74971	-0.0353935	0.394553	-5.10256e-05	
-0.113542	-0.691229	-0.133699	1.74966	-0.0358432	0.394568	-5.07979e-05	
-0.11498	-0.691285	-0.135586	1.74961	-0.0362921	0.394584	-5.05679e-05	
-0.116416	-0.691341	-0.137469	1.74956	-0.0367402	0.394599	-5.03354e-05	
-0.11785	-0.691398	-0.139349	1.74952	-0.0371876	0.394615	-5.01007e-05	
-0.119281	-0.691456	-0.141226	1.74947	-0.0376342	0.39463	-4.98637e-05	
-0.12071	-0.691514	-0.143099	1.74942	-0.03808	0.394646	-4.96245e-05	
-0.122136	-0.691573	-0.144969	1.74937	-0.0385251	0.394662	-4.9383e-05	
-0.12356	-0.691633	-0.146836	1.74932	-0.0389694	0.394678	-4.91394e-05	
-0.124981	-0.691693	-0.148699	1.74926	-0.0394128	0.394694	-4.88937e-05	
-0.126399	-0.691754	-0.150559	1.74921	-0.0398555	0.39471	-4.86458e-05	
-0.127815	-0.691815	-0.152415	1.74916	-0.0402973	0.394726	-4.83959e-05	
-0.129228	-0.691877	-0.154268	1.74911	-0.0407383	0.394742	-4.8144e-05	
-0.130638	-0.69194	-0.156117	1.74905	-0.0411785	0.394759	-4.789e-05	
-0.132046	-0.692003	-0.157963	1.749	-0.0416178	0.394775	-4.76341e-05	
-0.133451	-0.692067	-0.159805	1.74894	-0.0420563	0.394791	-4.73763e-05	
-0.134853	-0.692131	-0.161643	1.74889	-0.042494	0.394808	-4.71166e-05	
-0.136253	-0.692196	-0.163478	1.74883	-0.0429308	0.394824	-4.6855e-05	
-0.13765	-0.692261	-0.165309	1.74877	-0.0433667	0.394841	-4.65916e-05	
-0.139044	-0.692327	-0.167137	1.74872	-0.0438018	0.394857	-4.63264e-05	
-0.140435	-0.692393	-0.168961	1.74866	-0.044236	0.394874	-4.60595e-05	
-0.141823	-0.69246	-0.170781	1.7486	-0.0446693	0.394891	-4.57909e-05	
-0.143208	-0.692528	-0.172597	1.74854	-0.0451018	0.394908	-4.55206e-05	
-0.144591	-0.692596	-0.17441	1.74848	-0.0455333	0.394925	-4.52486e-05	
-0.14597	-0.692665	-0.176218	1.74842	-0.0459639	0.394942	-4.49751e-05	
-0.147347	-0.692734	-0.178023	1.74836	-0.0463937	0.394959	-4.47e-05	
-0.148721	-0.692803	-0.179824	1.7483	-0.0468225	0.394976	-4.44233e-05	
-0.150092	-0.692874	-0.181621	1.74824	-0.0472504	0.394993	-4.41451e-05	
-0.151459	-0.692944	-0.183414	1.74818	-0.0476774	0.39501	-4.38655e-05	
-0.152824	-0.693015	-0.185203	1.74811	-0.0481034	0.395027	-4.35844e-05	
-0.154186	-0.693087	-0.186989	1.74805	-0.0485286	0.395044	-4.33019e-05	
-0.154046	-0.693079	-0.186805	1.74806	-0.0484848	0.395043	-4.32989e-05	
