0.000488281
-0.00076699	-0.649199	-0.00153398	1.80122	-0.000564258	0.421023	-2.14719e-05	
-0.00153398	-0.648398	-0.00306796	1.80244	-0.00132685	0.422045	-4.90417e-05	
-0.00230097	-0.647597	-0.00460194	1.80366	-0.00227801	0.423068	-8.14546e-05	
-0.00306796	-0.646796	-0.00613592	1.80487	-0.00340857	0.424091	-0.000117532	
-0.00383495	-0.645995	-0.0076699	1.80609	-0.00470997	0.425113	-0.000156167	
-0.00460194	-0.645194	-0.00920388	1.80731	-0.00617418	0.426136	-0.000196322	
-0.00536893	-0.644392	-0.0107379	1.80853	-0.00779369	0.427159	-0.000237024	
-0.00613592	-0.643591	-0.0122718	1.80975	-0.00956144	0.428181	-0.000277361	
-0.00690291	-0.64279	-0.0138058	1.81097	-0.0114709	0.429204	-0.000316481	
-0.0076699	-0.641989	-0.0153398	1.81219	-0.0135158	0.430227	-0.000353585	
-0.00843689	-0.641188	-0.0168738	1.81341	-0.0156904	0.431249	-0.00038793	
-0.00920388	-0.640387	-0.0184078	1.81462	-0.0179894	0.432272	-0.000418822	
-0.00997088	-0.639586	-0.0199418	1.81584	-0.0202904	0.433295	-0.000445615	
-0.0107379	-0.638785	-0.0214757	1.81706	-0.0225914	0.434317	-0.000467745	
-0.0115049	-0.637984	-0.0230097	1.81828	-0.0248923	0.43534	-0.000484656	
-0.0122718	-0.637183	-0.0245437	1.8195	-0.0271933	0.436362	-0.000495794	
-0.0130388	-0.63642	-0.0260777	1.82072	-0.0294943	0.437354	-0.000500616	
-0.0138058	-0.636611	-0.0276117	1.82074	-0.0317952	0.437629	-0.000498713	
-0.0145728	-0.636862	-0.0291456	1.82071	-0.0340962	0.437901	-0.000496269	
-0.0153398	-0.637135	-0.0306796	1.82067	-0.0363972	0.438202	-0.000493539	
-0.0161068	-0.63743	-0.0322136	1.82063	-0.0386981	0.438533	-0.000490507	
-0.0168738	-0.63775	-0.0337476	1.82059	-0.0409991	0.438896	-0.000487152	
-0.0176408	-0.638094	-0.0352816	1.82054	-0.0433001	0.439291	-0.000483454	
-0.0184078	-0.638463	-0.0368155	1.82049	-0.0456011	0.43972	-0.000479391	
-0.0191748	-0.638858	-0.0383495	1.82044	-0.047902	0.440185	-0.000474942	
-0.0199418	-0.63928	-0.0398835	1.82037	-0.050203	0.440686	-0.000470085	
-0.0207087	-0.639729	-0.0414175	1.82031	-0.052504	0.441225	-0.000464799	
-0.0214757	-0.640207	-0.0429515	1.82024	-0.0548049	0.441803	-0.000459059	
-0.0222427	-0.640713	-0.0444854	1.82016	-0.0571059	0.44242	-0.000452845	
-0.0230097	-0.64125	-0.0460194	1.82008	-0.0594069	0.443079	-0.000446134	
-0.0237767	-0.641816	-0.0475534	1.82	-0.0617079	0.443781	-0.000438902	
-0.0245437	-0.642414	-0.0490874	1.81991	-0.0640088	0.444526	-0.000431127	
-0.0253107	-0.643044	-0.0506214	1.81981	-0.0663098	0.445315	-0.000422786	
-0.0260777	-0.643706	-0.0521553	1.81971	-0.0686108	0.44615	-0.000413857	
-0.0268447	-0.6444	-0.0536893	1.8196	-0.0709117	0.447032	-0.000404317	
-0.0276117	-0.645128	-0.0552233	1.81948	-0.0732127	0.447961	-0.000394143	
-0.0283786	-0.645891	-0.0567573	1.81936	-0.0755137	0.448938	-0.000383314	
-0.0291456	-0.646687	-0.0582913	1.81923	-0.0778147	0.449961	-0.000371807	
-0.0299126	-0.647488	-0.0598253	1.81909	-0.0801156	0.450984	-0.000359615	
-0.0306796	-0.64829	-0.0613592	1.81895	-0.0824166	0.452006	-0.000346744	
-0.0314466	-0.649091	-0.0628932	1.81881	-0.0847176	0.453029	-0.000333172	
-0.0322136	-0.649892	-0.0644272	1.81867	-0.0870185	0.454052	-0.000318877	
-0.0329806	-0.650693	-0.0659612	1.81852	-0.0893195	0.455074	-0.000303841	
-0.0337476	-0.651494	-0.0674952	1.81836	-0.0916205	0.456097	-0.000288045	
-0.0345146	-0.652295	-0.0690291	1.81821	-0.0939215	0.45712	-0.000271471	
-0.0352816	-0.653096	-0.0705631	1.81805	-0.0962224	0.458142	-0.000254102	
-0.0360485	-0.653897	-0.0720971	1.81788	-0.0985234	0.459165	-0.00023592	
-0.0368155	-0.654698	-0.0736311	1.81772	-0.100824	0.460188	-0.000216909	
-0.0375825	-0.655499	-0.0751651	1.81755	-0.103125	0.46121	-0.000197053	
-0.0383495	-0.6563	-0.076699	1.81737	-0.105426	0.462233	-0.000176335	
-0.0391165	-0.657101	-0.078233	1.81719	-0.107727	0.463256	-0.00015474	
-0.0398835	-0.657902	-0.079767	1.81701	-0.110028	0.464278	-0.000132254	
-0.0406505	-0.658704	-0.081301	1.81683	-0.112329	0.465301	-0.000108862	
-0.0414175	-0.659505	-0.082835	1.81664	-0.11463	0.466323	-8.45514e-05	
-0.0421845	-0.660306	-0.0843689	1.81645	-0.116931	0.467346	-5.93082e-05	
-0.0429515	-0.661107	-0.0859029	1.81625	-0.119232	0.468369	-3.31201e-05	
-0.0437185	-0.661908	-0.0874369	1.81605	-0.121533	0.469391	-5.97543e-06	
-0.0444854	-0.662709	-0.0889709	1.81585	-0.123834	0.470414	2.21371e-05	
-0.0452524	-0.66351	-0.0905049	1.81565	-0.126135	0.471437	5.12279e-05	
-0.0460194	-0.664311	-0.0920388	1.81544	-0.128436	0.472459	8.1307e-05	
-0.0467864	-0.665112	-0.0935728	1.81523	-0.130737	0.473482	0.000112383	
-0.0475534	-0.665913	-0.0951068	1.81501	-0.133038	0.474505	0.000144465	
-0.0483204	-0.666714	-0.0966408	1.81479	-0.135339	0.475527	0.000177561	
-0.0490874	-0.667515	-0.0981748	1.81457	-0.13764	0.47655	0.000211676	
-0.0498544	-0.668316	-0.0997088	1.81434	-0.139941	0.477573	0.000246818	
-0.0506214	-0.669118	-0.101243	1.81412	-0.142242	0.478595	0.000282991	
-0.0513884	-0.669919	-0.102777	1.81388	-0.144543	0.479618	0.000320201	
-0.0521553	-0.67072	-0.104311	1.81365	-0.146844	0.480641	0.00035845	
-0.0529223	-0.671521	-0.105845	1.81341	-0.149145	0.481663	0.000397742	
-0.0536893	-0.672322	-0.107379	1.81317	-0.151446	0.482686	0.000438078	
-0.0544563	-0.673123	-0.108913	1.81293	-0.153747	0.483709	0.00047946	
-0.0552233	-0.673924	-0.110447	1.81268	-0.156048	0.484731	0.000521887	
-0.0559903	-0.674725	-0.111981	1.81243	-0.158349	0.485754	0.00056536	
-0.0567573	-0.675526	-0.113515	1.81217	-0.16065	0.486777	0.000609876	
-0.0575243	-0.676327	-0.115049	1.81192	-0.162951	0.487799	0.000655433	
-0.0582913	-0.677128	-0.116583	1.81166	-0.165252	0.488822	0.000702028	
-0.0590583	-0.677929	-0.118117	1.8114	-0.167553	0.489845	0.000749655	
-0.0598253	-0.678731	-0.119651	1.81113	-0.169854	0.490867	0.000798311	
-0.0605922	-0.679532	-0.121184	1.81086	-0.172154	0.49189	0.000847988	
-0.0613592	-0.680333	-0.122718	1.81059	-0.174455	0.492912	0.000898679	
-0.0621262	-0.681134	-0.124252	1.81032	-0.176756	0.493935	0.000950377	
-0.0628932	-0.681935	-0.125786	1.81004	-0.179057	0.494958	0.00100307	
-0.0636602	-0.682736	-0.12732	1.80977	-0.181358	0.49598	0.00105675	
-0.0644272	-0.683537	-0.128854	1.80948	-0.183659	0.497003	0.00111141	
-0.0651942	-0.684338	-0.130388	1.8092	-0.18596	0.498026	0.00116703	
-0.0659612	-0.685139	-0.131922	1.80891	-0.188261	0.499048	0.0012236	
-0.0667282	-0.68594	-0.133456	1.80862	-0.190562	0.500071	0.00128111	
-0.0674952	-0.686741	-0.13499	1.80833	-0.192863	0.501094	0.00133955	
-0.0682621	-0.687542	-0.136524	1.80804	-0.195164	0.502116	0.00139888	
-0.0690291	-0.688343	-0.138058	1.80774	-0.197465	0.503139	0.00145911	
-0.0697961	-0.689145	-0.139592	1.80744	-0.199766	0.504162	0.00152021	
-0.0705631	-0.689946	-0.141126	1.80714	-0.202067	0.505184	0.00158216	
-0.0713301	-0.690747	-0.14266	1.80683	-0.204368	0.506207	0.00164495	
-0.0720971	-0.691548	-0.144194	1.80653	-0.206669	0.50723	0.00170854	
-0.0728641	-0.692349	-0.145728	1.80622	-0.20897	0.508252	0.00177293	
-0.0736311	-0.69315	-0.147262	1.80591	-0.211271	0.509275	0.00183809	
-0.0743981	-0.693951	-0.148796	1.80559	-0.213572	0.510298	0.00190399	
-0.0751651	-0.694752	-0.15033	1.80528	-0.215873	0.51132	0.00197061	
-0.075932	-0.695553	-0.151864	1.80496	-0.218174	0.512343	0.00203793	
-0.076699	-0.696354	-0.153398	1.80464	-0.220475	0.513366	0.00210591	
-0.077466	-0.697155	-0.154932	1.80454	-0.222776	0.514388	0.0021618	
-0.078233	-0.697956	-0.156466	1.80454	-0.225077	0.515411	0.00220833	
-0.079	-0.698757	-0.158	1.80458	-0.227378	0.516434	0.00224707	
-0.079767	-0.699559	-0.159534	1.80464	-0.229679	0.517456	0.0022791	
-0.080534	-0.70036	-0.161068	1.80471	-0.23198	0.518479	0.00230528	
-0.081301	-0.701161	-0.162602	1.80479	-0.234281	0.519501	0.00232636	
-0.082068	-0.701962	-0.164136	1.80487	-0.236582	0.520524	0.00234304	
-0.082835	-0.702763	-0.16567	1.80497	-0.238883	0.521547	0.00235594	
-0.083602	-0.703564	-0.167204	1.80506	-0.241184	0.522569	0.00236566	
-0.0843689	-0.704348	-0.168738	1.80516	-0.243485	0.523592	0.00237275	
-0.0851359	-0.705	-0.170272	1.80526	-0.245786	0.524615	0.00237773	
-0.0859029	-0.705565	-0.171806	1.80531	-0.248087	0.525637	0.00238132	
-0.0866699	-0.706052	-0.17334	1.8053	-0.250387	0.52666	0.00238384	
-0.0874369	-0.706468	-0.174874	1.80524	-0.252688	0.527683	0.00238553	
-0.0882039	-0.706818	-0.176408	1.80513	-0.254769	0.528686	0.00238662	
-0.0889709	-0.707113	-0.177942	1.80497	-0.256263	0.529359	0.00238727	
-0.0897379	-0.707296	-0.179476	1.80487	-0.25721	0.529783	0.00238753	
-0.0905049	-0.707388	-0.18082	1.8048	-0.257656	0.529973	0.00238759	
-0.0905559	-0.707403	-0.180879	1.80479	-0.257676	0.529973	0.00238759	
-0.0905513	-0.707401	-0.180873	1.80479	-0.257674	0.529973	0.00238759	
-0.0905517	-0.707401	-0.180874	1.80479	-0.257675	0.529973	0.00238759	
-0.0905517	-0.707401	-0.180874	1.80479	-0.257675	0.529973	0.00238759	
-0.0905517	-0.707401	-0.180874	1.80479	-0.257675	0.529973	0.00238759	
-0.0905517	-0.707401	-0.180874	1.80479	-0.257675	0.529973	0.00238759	
-0.0905517	-0.707401	-0.180874	1.80479	-0.257675	0.529973	0.00238759	
-0.0905517	-0.707401	-0.180874	1.80479	-0.257675	0.529973	0.00238759	
-0.0905517	-0.707401	-0.180874	1.80479	-0.257675	0.529973	0.00238759	
-0.0905517	-0.707401	-0.180874	1.80479	-0.257675	0.529973	0.00238759	
-0.0905517	-0.707401	-0.180874	1.80479	-0.257675	0.529973	0.00238759	
-0.0905517	-0.707401	-0.180874	1.80479	-0.257675	0.529973	0.00238759	
-0.0905517	-0.707401	-0.180874	1.80479	-0.257675	0.529973	0.00238759	
-0.0905517	-0.707401	-0.180874	1.80479	-0.257675	0.529973	0.00238759	
-0.0905517	-0.707401	-0.180874	1.80479	-0.257675	0.529973	0.00238759	
-0.0905517	-0.707401	-0.180874	1.80479	-0.257675	0.529973	0.00238759	
-0.0905517	-0.707401	-0.180874	1.80479	-0.257675	0.529973	0.00238759	
-0.0905517	-0.707401	-0.180874	1.80479	-0.257675	0.529973	0.00238759	
-0.0905517	-0.707401	-0.180874	1.80479	-0.257675	0.529973	0.00238759	
-0.0905517	-0.707401	-0.180874	1.80479	-0.257675	0.529973	0.00238759	
-0.0905517	-0.707401	-0.180874	1.80479	-0.257675	0.529973	0.00238759	
-0.0905517	-0.707401	-0.180874	1.80479	-0.257675	0.529973	0.00238759	
-0.0905517	-0.707401	-0.180874	1.80479	-0.257675	0.529973	0.00238759	
-0.0905517	-0.707401	-0.180874	1.80479	-0.257675	0.529973	0.00238759	
-0.0905517	-0.707401	-0.180874	1.80479	-0.257675	0.529973	0.00238759	
-0.0905517	-0.707401	-0.180874	1.80479	-0.257675	0.529973	0.00238759	
-0.0905517	-0.707401	-0.180874	1.80479	-0.257675	0.529973	0.00238759	
-0.0905517	-0.707401	-0.180874	1.80479	-0.257675	0.529973	0.00238759	
-0.0905517	-0.707401	-0.180874	1.80479	-0.257675	0.529973	0.00238759	
-0.0905517	-0.707401	-0.180874	1.80479	-0.257675	0.529973	0.00238759	
-0.0905517	-0.707401	-0.180874	1.80479	-0.257675	0.529973	0.00238759	
-0.0905517	-0.707401	-0.180874	1.80479	-0.257675	0.529973	0.00238759	
-0.0905517	-0.707401	-0.180874	1.80479	-0.257675	0.529973	0.00238759	
-0.0905517	-0.707401	-0.180874	1.80479	-0.257675	0.529973	0.00238759	
-0.0905517	-0.707401	-0.180874	1.80479	-0.257675	0.529973	0.00238759	
-0.0905517	-0.707401	-0.180874	1.80479	-0.257675	0.529973	0.00238759	
-0.0905517	-0.707401	-0.180874	1.80479	-0.257675	0.529973	0.00238759	
-0.0905517	-0.707401	-0.180874	1.80479	-0.257675	0.529973	0.00238759	
-0.0905517	-0.707401	-0.180874	1.80479	-0.257675	0.529973	0.00238759	
-0.0905517	-0.707401	-0.180874	1.80479	-0.257675	0.529973	0.00238759	
-0.0905517	-0.707401	-0.180874	1.80479	-0.257675	0.529973	0.00238759	
-0.0905517	-0.707401	-0.180874	1.80479	-0.257675	0.529973	0.00238759	
-0.0905517	-0.707401	-0.180874	1.80479	-0.257675	0.529973	0.00238759	
-0.0905517	-0.707401	-0.180874	1.80479	-0.257675	0.529973	0.00238759	
-0.0905517	-0.707401	-0.180874	1.80479	-0.257675	0.529973	0.00238759	
-0.0905517	-0.707401	-0.180874	1.80479	-0.257675	0.529973	0.00238759	
-0.0905517	-0.707401	-0.180874	1.80479	-0.257675	0.529973	0.00238759	
-0.0905517	-0.707401	-0.180874	1.80479	-0.257675	0.529973	0.00238759	
-0.0905517	-0.707401	-0.180874	1.80479	-0.257675	0.529973	0.00238759	
-0.0905517	-0.707401	-0.180874	1.80479	-0.257675	0.529973	0.00238759	
-0.0905517	-0.707401	-0.180874	1.80479	-0.257675	0.529973	0.00238759	
-0.0905517	-0.707401	-0.180874	1.80479	-0.257675	0.529973	0.00238759	
-0.0905517	-0.707401	-0.180874	1.80479	-0.257675	0.529973	0.00238759	
-0.0905517	-0.707401	-0.180874	1.80479	-0.257675	0.529973	0.00238759	
-0.0905517	-0.707401	-0.180874	1.80479	-0.257675	0.529973	0.00238759	
-0.0905517	-0.707401	-0.180874	1.80479	-0.257675	0.529973	0.00238759	
-0.0905517	-0.707401	-0.180874	1.80479	-0.257675	0.529973	0.00238759	
-0.0905517	-0.707401	-0.180874	1.80479	-0.257675	0.529973	0.00238759	
-0.0905517	-0.707401	-0.180874	1.80479	-0.257675	0.529973	0.00238759	
-0.0905517	-0.707401	-0.180874	1.80479	-0.257675	0.529973	0.00238759	
-0.0905517	-0.707401	-0.180874	1.80479	-0.257675	0.529973	0.00238759	
-0.0905517	-0.707401	-0.180874	1.80479	-0.257675	0.529973	0.00238759	
-0.0905517	-0.707401	-0.180874	1.80479	-0.257675	0.529973	0.00238759	
-0.0905517	-0.707401	-0.180874	1.80479	-0.257675	0.529973	0.00238759	
-0.0905517	-0.707401	-0.180874	1.80479	-0.257675	0.529973	0.00238759	
-0.0905517	-0.707401	-0.180874	1.80479	-0.257675	0.529973	0.00238759	
-0.0905517	-0.707401	-0.180874	1.80479	-0.257675	0.529973	0.00238759	
-0.0905517	-0.707401	-0.180874	1.80479	-0.257675	0.529973	0.00238759	
-0.0905517	-0.707401	-0.180874	1.80479	-0.257675	0.529973	0.00238759	
-0.0905517	-0.707401	-0.180874	1.80479	-0.257675	0.529973	0.00238759	
-0.0905517	-0.707401	-0.180874	1.80479	-0.257675	0.529973	0.00238759	
-0.0905517	-0.707401	-0.180874	1.80479	-0.257675	0.529973	0.00238759	
-0.0905517	-0.707401	-0.180874	1.80479	-0.257675	0.529973	0.00238759	
-0.0905517	-0.707401	-0.180874	1.80479	-0.257675	0.529973	0.00238759	
-0.0905517	-0.707401	-0.180874	1.80479	-0.257675	0.529973	0.00238759	
-0.0905517	-0.707401	-0.180874	1.80479	-0.257675	0.529973	0.00238759	
-0.0905517	-0.707401	-0.180874	1.80479	-0.257675	0.529973	0.00238759	
-0.0905517	-0.707401	-0.180874	1.80479	-0.257675	0.529973	0.00238759	
-0.0905517	-0.707401	-0.180874	1.80479	-0.257675	0.529973	0.00238759	
-0.0905517	-0.707401	-0.180874	1.80479	-0.257675	0.529973	0.00238759	
-0.0905517	-0.707401	-0.180874	1.80479	-0.257675	0.529973	0.00238759	
-0.0905517	-0.707401	-0.180874	1.80479	-0.257675	0.529973	0.00238759	
-0.0897847	-0.707683	-0.17934	1.80429	-0.257061	0.529354	0.0023872	
-0.0890177	-0.707884	-0.177806	1.80389	-0.256272	0.528705	0.00238682	
-0.0882507	-0.708069	-0.176272	1.80349	-0.255327	0.527982	0.00238638	
-0.0874837	-0.708235	-0.174738	1.8031	-0.254238	0.527195	0.00238589	
-0.0867167	-0.708385	-0.173204	1.80272	-0.253017	0.526351	0.00238535	
-0.0859497	-0.70852	-0.17167	1.80235	-0.251673	0.525454	0.00238477	
-0.0851827	-0.708642	-0.170136	1.80199	-0.250216	0.524508	0.00238415	
-0.0844157	-0.708753	-0.168602	1.80164	-0.248654	0.52352	0.00238349	
-0.0836488	-0.708854	-0.167068	1.80129	-0.246994	0.522497	0.00238279	
-0.0828818	-0.708948	-0.165534	1.80094	-0.245245	0.521475	0.00238204	
-0.0821148	-0.709044	-0.164	1.80059	-0.243411	0.520452	0.00238123	
-0.0813478	-0.709143	-0.162466	1.80023	-0.241497	0.519429	0.00238033	
-0.0805808	-0.709246	-0.160932	1.79986	-0.239506	0.518407	0.00237936	
-0.0798138	-0.709351	-0.159398	1.79948	-0.237444	0.517384	0.0023783	
-0.0790468	-0.709461	-0.157864	1.79909	-0.235313	0.516361	0.00237717	
-0.0782798	-0.709573	-0.15633	1.7987	-0.233116	0.515339	0.00237596	
-0.0775128	-0.70969	-0.154796	1.7983	-0.230856	0.514316	0.00237467	
-0.0767458	-0.70981	-0.153262	1.7979	-0.228555	0.513293	0.00237331	
-0.0759789	-0.709934	-0.151728	1.79749	-0.226254	0.512271	0.00237186	
-0.0752119	-0.71006	-0.150194	1.79708	-0.223953	0.511248	0.00237035	
-0.0744449	-0.710188	-0.14866	1.79666	-0.221652	0.510226	0.00236875	
-0.0736779	-0.710319	-0.147126	1.79624	-0.219351	0.509203	0.00236708	
-0.0729109	-0.710451	-0.145592	1.79583	-0.21705	0.50818	0.00236533	
-0.0721439	-0.710586	-0.144058	1.7954	-0.214749	0.507158	0.00236348	
-0.0713769	-0.710724	-0.142524	1.79498	-0.212448	0.506135	0.00236154	
-0.0706099	-0.710865	-0.14099	1.79456	-0.210147	0.505112	0.00235951	
-0.0698429	-0.711008	-0.139456	1.79413	-0.207846	0.50409	0.00235737	
-0.0690759	-0.711155	-0.137922	1.7937	-0.205545	0.503067	0.00235513	
-0.068309	-0.711305	-0.136388	1.79328	-0.203245	0.502044	0.00235277	
-0.067542	-0.711459	-0.134854	1.79285	-0.200944	0.501022	0.00235029	
-0.066775	-0.711616	-0.13332	1.79241	-0.198643	0.499999	0.00234769	
-0.066008	-0.711777	-0.131786	1.79198	-0.196342	0.498976	0.00234496	
-0.065241	-0.711943	-0.130252	1.79155	-0.194041	0.497954	0.00234209	
-0.064474	-0.712112	-0.128718	1.79112	-0.19174	0.496931	0.00233908	
-0.063707	-0.712287	-0.127184	1.79068	-0.189439	0.495908	0.00233592	
-0.06294	-0.712466	-0.12565	1.79025	-0.187138	0.494886	0.0023326	
-0.062173	-0.71265	-0.124116	1.78982	-0.184837	0.493863	0.00232911	
-0.061406	-0.712839	-0.122583	1.78938	-0.182536	0.49284	0.00232545	
-0.060639	-0.713034	-0.121049	1.78895	-0.180235	0.491818	0.00232161	
-0.0598721	-0.713234	-0.119515	1.78852	-0.177934	0.490795	0.00231758	
-0.0591051	-0.713441	-0.117981	1.78809	-0.175633	0.489772	0.00231335	
-0.0583381	-0.713653	-0.116447	1.78766	-0.173332	0.48875	0.00230891	
-0.0575711	-0.713872	-0.114913	1.78723	-0.171031	0.487727	0.00230426	
-0.0568041	-0.714099	-0.113379	1.78681	-0.16873	0.486704	0.00229938	
-0.0560371	-0.714332	-0.111845	1.78638	-0.166429	0.485682	0.00229425	
-0.0552701	-0.714572	-0.110311	1.78596	-0.164128	0.484659	0.00228888	
-0.0545031	-0.71482	-0.108777	1.78554	-0.161827	0.483637	0.00228326	
-0.0537361	-0.715076	-0.107243	1.78512	-0.159526	0.482614	0.00227735	
-0.0529691	-0.71534	-0.105709	1.78471	-0.157225	0.481591	0.00227117	
-0.0522022	-0.715613	-0.104175	1.78429	-0.154924	0.480569	0.00226469	
-0.0514352	-0.715895	-0.102641	1.78389	-0.152623	0.479546	0.00225791	
-0.0506682	-0.716186	-0.101107	1.78348	-0.150322	0.478523	0.0022508	
-0.0499012	-0.716486	-0.0995728	1.78308	-0.148021	0.477501	0.00224335	
-0.0491342	-0.716796	-0.0980388	1.78268	-0.14572	0.476478	0.00223556	
-0.0483672	-0.717116	-0.0965048	1.78229	-0.143419	0.475455	0.00222741	
-0.0476002	-0.717447	-0.0949709	1.78191	-0.141118	0.474433	0.00221888	
-0.0468332	-0.717788	-0.0934369	1.78153	-0.138817	0.47341	0.00220995	
-0.0460662	-0.718141	-0.0919029	1.78115	-0.136516	0.472387	0.00220061	
-0.0452992	-0.718505	-0.0903689	1.78078	-0.134215	0.471365	0.00219085	
-0.0445322	-0.718881	-0.0888349	1.78042	-0.131914	0.470342	0.00218065	
-0.0437653	-0.719269	-0.0873009	1.78006	-0.129613	0.469319	0.00216999	
-0.0429983	-0.71967	-0.085767	1.77971	-0.127312	0.468297	0.00215885	
-0.0422313	-0.720083	-0.084233	1.77936	-0.125011	0.467274	0.00214721	
-0.0414643	-0.72051	-0.082699	1.77903	-0.122711	0.466251	0.00213506	
-0.0406973	-0.72095	-0.081165	1.7787	-0.12041	0.465229	0.00212238	
-0.0399303	-0.721405	-0.079631	1.77838	-0.118109	0.464206	0.00210914	
-0.0391633	-0.721873	-0.0780971	1.77807	-0.115808	0.463183	0.00209533	
-0.0383963	-0.722357	-0.0765631	1.77776	-0.113507	0.462161	0.00208093	
-0.0376293	-0.722855	-0.0750291	1.77747	-0.111206	0.461138	0.00206591	
-0.0368623	-0.723369	-0.0734951	1.77718	-0.108905	0.460115	0.00205025	
-0.0360954	-0.723899	-0.0719611	1.77691	-0.106604	0.459093	0.00203394	
-0.0353284	-0.724445	-0.0704272	1.77665	-0.104303	0.45807	0.00201695	
-0.0345614	-0.725008	-0.0688932	1.77639	-0.102002	0.457048	0.00199925	
-0.0337944	-0.725587	-0.0673592	1.77615	-0.0997008	0.456025	0.00198083	
-0.0330274	-0.726184	-0.0658252	1.77592	-0.0973998	0.455002	0.00196165	
-0.0322604	-0.726799	-0.0642912	1.7757	-0.0950989	0.45398	0.0019417	
-0.0314934	-0.727432	-0.0627573	1.77549	-0.0927979	0.452957	0.00192095	
-0.0307264	-0.728083	-0.0612233	1.77529	-0.0904969	0.451934	0.00189938	
-0.0299594	-0.728753	-0.0596893	1.77511	-0.088196	0.450912	0.00187695	
-0.0291924	-0.729443	-0.0581553	1.77494	-0.085895	0.449889	0.00185365	
-0.0284255	-0.730152	-0.0566213	1.77478	-0.083594	0.448866	0.00182945	
-0.0276585	-0.730882	-0.0550874	1.77464	-0.081293	0.447844	0.00180432	
-0.0268915	-0.731632	-0.0535534	1.77451	-0.0789921	0.446821	0.00177823	
-0.0261245	-0.732402	-0.0520194	1.7744	-0.0766911	0.445798	0.00175116	
-0.0253575	-0.733194	-0.0504854	1.7743	-0.0743901	0.444776	0.00172307	
-0.0245905	-0.733995	-0.0489514	1.77422	-0.0720892	0.443753	0.00169395	
-0.0238235	-0.734796	-0.0474174	1.77415	-0.0697882	0.442757	0.00166369	
-0.0230565	-0.735597	-0.0458835	1.77407	-0.0674872	0.441791	0.001632	
-0.0222895	-0.736398	-0.0443495	1.77398	-0.0651862	0.440852	0.00159871	
-0.0215225	-0.737199	-0.0428155	1.77388	-0.0628853	0.439939	0.00156375	
-0.0207555	-0.738001	-0.0412815	1.77376	-0.0605843	0.439053	0.00152703	
-0.0199886	-0.738802	-0.0397475	1.77363	-0.0582833	0.438196	0.0014885	
-0.0192216	-0.739603	-0.0382136	1.77348	-0.0559824	0.437366	0.00144809	
-0.0184546	-0.740404	-0.0366796	1.77331	-0.0536814	0.436567	0.00140573	
-0.0176876	-0.741205	-0.0351456	1.77312	-0.0513804	0.435798	0.00136137	
-0.0169206	-0.742006	-0.0336116	1.77292	-0.0490794	0.43506	0.00131494	
-0.0161536	-0.742807	-0.0320776	1.77269	-0.0467785	0.434354	0.00126636	
-0.0153866	-0.743608	-0.0305437	1.77245	-0.0444775	0.433681	0.00121558	
-0.0146196	-0.744409	-0.0290097	1.77219	-0.0421765	0.433043	0.00116252	
-0.0138526	-0.74521	-0.0274757	1.77191	-0.0398756	0.432439	0.00110712	
-0.0130856	-0.746011	-0.0259417	1.77226	-0.0375746	0.432253	0.00107088	
-0.0123187	-0.746662	-0.0244077	1.77277	-0.0352736	0.432199	0.00104354	
-0.0115517	-0.747224	-0.0228738	1.77323	-0.0329726	0.432164	0.00102109	
-0.0107847	-0.74772	-0.0213398	1.77364	-0.0306717	0.432134	0.0010026	
-0.0100177	-0.748152	-0.0198058	1.774	-0.0283707	0.432109	0.000987598	
-0.00925069	-0.748525	-0.0182718	1.7743	-0.0260697	0.432089	0.000975622	
-0.0084837	-0.748843	-0.0167378	1.77456	-0.0237688	0.432073	0.000966237	
-0.00771671	-0.749109	-0.0152038	1.77478	-0.0214678	0.432062	0.000959041	
-0.00694972	-0.74933	-0.0136699	1.77496	-0.0191668	0.432053	0.000953667	
-0.00618273	-0.749508	-0.0121359	1.77511	-0.0168658	0.432048	0.000949779	
-0.00541574	-0.749648	-0.0106019	1.77522	-0.0145649	0.432045	0.000947076	
-0.00464875	-0.749755	-0.00906793	1.77531	-0.0122639	0.432043	0.000945288	
-0.00388176	-0.749833	-0.00753395	1.77537	-0.00996293	0.432044	0.000944182	
-0.00311477	-0.749887	-0.00599996	1.77542	-0.00767989	0.432045	0.000943559	
-0.00234778	-0.749921	-0.00446598	1.77544	-0.00587031	0.432047	0.000943252	
-0.00158079	-0.749939	-0.002932	1.77546	-0.00451189	0.432048	0.000943123	
-0.000813797	-0.749947	-0.00139802	1.77547	-0.00358325	0.432048	0.000943081	
-4.68064e-05	-0.749949	0.000135958	1.77547	-0.00306396	0.432047	0.000943073	
0.000319176	-0.749948	0.000622892	1.77547	-0.00293451	0.432046	0.000943073	
0.00029399	-0.749948	0.000589383	1.77547	-0.00294342	0.432046	0.000943073	
0.000295723	-0.749948	0.000591689	1.77547	-0.0029428	0.432046	0.000943073	
0.000295604	-0.749948	0.00059153	1.77547	-0.00294285	0.432046	0.000943073	
0.000295612	-0.749948	0.000591541	1.77547	-0.00294284	0.432046	0.000943073	
0.000295611	-0.749948	0.000591541	1.77547	-0.00294284	0.432046	0.000943073	
0.000295611	-0.749948	0.000591541	1.77547	-0.00294284	0.432046	0.000943073	
0.000295611	-0.749948	0.000591541	1.77547	-0.00294284	0.432046	0.000943073	
0.000295611	-0.749948	0.000591541	1.77547	-0.00294284	0.432046	0.000943073	
0.000295611	-0.749948	0.000591541	1.77547	-0.00294284	0.432046	0.000943073	
0.000295611	-0.749948	0.000591541	1.77547	-0.00294284	0.432046	0.000943073	
0.000295611	-0.749948	0.000591541	1.77547	-0.00294284	0.432046	0.000943073	
0.000295611	-0.749948	0.000591541	1.77547	-0.00294284	0.432046	0.000943073	
0.000295611	-0.749948	0.000591541	1.77547	-0.00294284	0.432046	0.000943073	
0.000295611	-0.749948	0.000591541	1.77547	-0.00294284	0.432046	0.000943073	
0.000295611	-0.749948	0.000591541	1.77547	-0.00294284	0.432046	0.000943073	
0.000295611	-0.749948	0.000591541	1.77547	-0.00294284	0.432046	0.000943073	
0.000295611	-0.749948	0.000591541	1.77547	-0.00294284	0.432046	0.000943073	
0.000295611	-0.749948	0.000591541	1.77547	-0.00294284	0.432046	0.000943073	
0.000295611	-0.749948	0.000591541	1.77547	-0.00294284	0.432046	0.000943073	
0.000295611	-0.749948	0.000591541	1.77547	-0.00294284	0.432046	0.000943073	
0.000295611	-0.749948	0.000591541	1.77547	-0.00294284	0.432046	0.000943073	
0.000295611	-0.749948	0.000591541	1.77547	-0.00294284	0.432046	0.000943073	
0.000295611	-0.749948	0.000591541	1.77547	-0.00294284	0.432046	0.000943073	
0.000295611	-0.749948	0.000591541	1.77547	-0.00294284	0.432046	0.000943073	
0.000295611	-0.749948	0.000591541	1.77547	-0.00294284	0.432046	0.000943073	
0.000295611	-0.749948	0.000591541	1.77547	-0.00294284	0.432046	0.000943073	
0.000295611	-0.749948	0.000591541	1.77547	-0.00294284	0.432046	0.000943073	
0.000295611	-0.749948	0.000591541	1.77547	-0.00294284	0.432046	0.000943073	
0.000295611	-0.749948	0.000591541	1.77547	-0.00294284	0.432046	0.000943073	
0.000295611	-0.749948	0.000591541	1.77547	-0.00294284	0.432046	0.000943073	
0.000295611	-0.749948	0.000591541	1.77547	-0.00294284	0.432046	0.000943073	
0.000295611	-0.749948	0.000591541	1.77547	-0.00294284	0.432046	0.000943073	
0.000295611	-0.749948	0.000591541	1.77547	-0.00294284	0.432046	0.000943073	
0.000295611	-0.749948	0.000591541	1.77547	-0.00294284	0.432046	0.000943073	
0.000295611	-0.749948	0.000591541	1.77547	-0.00294284	0.432046	0.000943073	
0.000295611	-0.749948	0.000591541	1.77547	-0.00294284	0.432046	0.000943073	
0.000295611	-0.749948	0.000591541	1.77547	-0.00294284	0.432046	0.000943073	
0.000295611	-0.749948	0.000591541	1.77547	-0.00294284	0.432046	0.000943073	
0.000295611	-0.749948	0.000591541	1.77547	-0.00294284	0.432046	0.000943073	
0.000295611	-0.749948	0.000591541	1.77547	-0.00294284	0.432046	0.000943073	
0.000295611	-0.749948	0.000591541	1.77547	-0.00294284	0.432046	0.000943073	
0.000295611	-0.749948	0.000591541	1.77547	-0.00294284	0.432046	0.000943073	
0.000295611	-0.749948	0.000591541	1.77547	-0.00294284	0.432046	0.000943073	
0.000295611	-0.749948	0.000591541	1.77547	-0.00294284	0.432046	0.000943073	
0.000295611	-0.749948	0.000591541	1.77547	-0.00294284	0.432046	0.000943073	
0.000295611	-0.749948	0.000591541	1.77547	-0.00294284	0.432046	0.000943073	
0.000295611	-0.749948	0.000591541	1.77547	-0.00294284	0.432046	0.000943073	
0.000295611	-0.749948	0.000591541	1.77547	-0.00294284	0.432046	0.000943073	
0.000295611	-0.749948	0.000591541	1.77547	-0.00294284	0.432046	0.000943073	
0.000295611	-0.749948	0.000591541	1.77547	-0.00294284	0.432046	0.000943073	
0.000295611	-0.749948	0.000591541	1.77547	-0.00294284	0.432046	0.000943073	
0.000295611	-0.749948	0.000591541	1.77547	-0.00294284	0.432046	0.000943073	
0.000295611	-0.749948	0.000591541	1.77547	-0.00294284	0.432046	0.000943073	
0.000295611	-0.749948	0.000591541	1.77547	-0.00294284	0.432046	0.000943073	
0.000295611	-0.749948	0.000591541	1.77547	-0.00294284	0.432046	0.000943073	
0.000295611	-0.749948	0.000591541	1.77547	-0.00294284	0.432046	0.000943073	
0.000295611	-0.749948	0.000591541	1.77547	-0.00294284	0.432046	0.000943073	
0.000295611	-0.749948	0.000591541	1.77547	-0.00294284	0.432046	0.000943073	
0.000295611	-0.749948	0.000591541	1.77547	-0.00294284	0.432046	0.000943073	
0.000295611	-0.749948	0.000591541	1.77547	-0.00294284	0.432046	0.000943073	
0.000295611	-0.749948	0.000591541	1.77547	-0.00294284	0.432046	0.000943073	
0.000295611	-0.749948	0.000591541	1.77547	-0.00294284	0.432046	0.000943073	
0.000295611	-0.749948	0.000591541	1.77547	-0.00294284	0.432046	0.000943073	
0.000295611	-0.749948	0.000591541	1.77547	-0.00294284	0.432046	0.000943073	
0.000295611	-0.749948	0.000591541	1.77547	-0.00294284	0.432046	0.000943073	
0.000295611	-0.749948	0.000591541	1.77547	-0.00294284	0.432046	0.000943073	
0.000295611	-0.749948	0.000591541	1.77547	-0.00294284	0.432046	0.000943073	
0.000295611	-0.749948	0.000591541	1.77547	-0.00294284	0.432046	0.000943073	
0.000295611	-0.749948	0.000591541	1.77547	-0.00294284	0.432046	0.000943073	
0.000295611	-0.749948	0.000591541	1.77547	-0.00294284	0.432046	0.000943073	
0.000295611	-0.749948	0.000591541	1.77547	-0.00294284	0.432046	0.000943073	
0.000295611	-0.749948	0.000591541	1.77547	-0.00294284	0.432046	0.000943073	
0.000295611	-0.749948	0.000591541	1.77547	-0.00294284	0.432046	0.000943073	
0.000295611	-0.749948	0.000591541	1.77547	-0.00294284	0.432046	0.000943073	
0.000295611	-0.749948	0.000591541	1.77547	-0.00294284	0.432046	0.000943073	
0.000295611	-0.749948	0.000591541	1.77547	-0.00294284	0.432046	0.000943073	
0.000295611	-0.749948	0.000591541	1.77547	-0.00294284	0.432046	0.000943073	
0.000295611	-0.749948	0.000591541	1.77547	-0.00294284	0.432046	0.000943073	
0.000295611	-0.749948	0.000591541	1.77547	-0.00294284	0.432046	0.000943073	
0.000295611	-0.749948	0.000591541	1.77547	-0.00294284	0.432046	0.000943073	
0.000295611	-0.749948	0.000591541	1.77547	-0.00294284	0.432046	0.000943073	
-0.000471379	-0.749955	-0.00094244	1.77547	-0.00351165	0.432052	0.000943083	
-0.00123837	-0.749968	-0.00247642	1.77547	-0.00425705	0.432062	0.000943113	
-0.00200536	-0.749986	-0.0040104	1.77547	-0.00517057	0.432075	0.000943173	
-0.00277235	-0.750011	-0.00554438	1.77547	-0.00624414	0.432095	0.000943278	
-0.00353934	-0.750044	-0.00707836	1.77547	-0.00747008	0.432121	0.000943442	
-0.00430633	-0.750086	-0.00861234	1.77547	-0.00884105	0.432156	0.000943677	
-0.00507332	-0.750137	-0.0101463	1.77547	-0.0103501	0.4322	0.000943998	
-0.00584031	-0.750199	-0.0116803	1.77547	-0.0119905	0.432255	0.000944418	
-0.0066073	-0.750271	-0.0132143	1.77547	-0.0137559	0.432321	0.000944948	
-0.00737429	-0.750355	-0.0147483	1.77547	-0.0156404	0.432401	0.0009456	
-0.00814128	-0.750451	-0.0162822	1.77546	-0.0176381	0.432495	0.000946385	
-0.00890827	-0.750559	-0.0178162	1.77546	-0.0197434	0.432605	0.00094731	
-0.00967526	-0.750681	-0.0193502	1.77545	-0.0219512	0.432732	0.000948385	
-0.0104423	-0.750816	-0.0208842	1.77544	-0.0242522	0.432877	0.000949616	
-0.0112092	-0.750965	-0.0224182	1.77544	-0.0265532	0.433042	0.000951008	
-0.0119762	-0.751128	-0.0239522	1.77542	-0.0288541	0.433226	0.000952577	
-0.0127432	-0.751307	-0.0254861	1.77541	-0.0311551	0.433431	0.000954335	
-0.0135102	-0.751503	-0.0270201	1.77539	-0.0334561	0.433658	0.000956297	
-0.0142772	-0.751714	-0.0285541	1.77537	-0.035757	0.433908	0.000958477	
-0.0150442	-0.751943	-0.0300881	1.77535	-0.038058	0.434183	0.00096089	
-0.0158112	-0.75219	-0.0316221	1.77533	-0.040359	0.434481	0.00096355	
-0.0165782	-0.752455	-0.033156	1.7753	-0.04266	0.434806	0.000966473	
-0.0173452	-0.752739	-0.03469	1.77527	-0.0449609	0.435158	0.000969674	
-0.0181122	-0.753042	-0.036224	1.77524	-0.0472619	0.435537	0.000973168	
-0.0188791	-0.753365	-0.037758	1.7752	-0.0495629	0.435945	0.000976971	
-0.0196461	-0.753709	-0.039292	1.77516	-0.0518638	0.436382	0.000981099	
-0.0204131	-0.754074	-0.0408259	1.77511	-0.0541648	0.436849	0.000985567	
-0.0211801	-0.754461	-0.0423599	1.77506	-0.0564658	0.437347	0.000990392	
-0.0219471	-0.75487	-0.0438939	1.77501	-0.0587668	0.437877	0.000995589	
-0.0227141	-0.755301	-0.0454279	1.77496	-0.0610677	0.43844	0.00100117	
-0.0234811	-0.755755	-0.0469619	1.77489	-0.0633687	0.439036	0.00100716	
-0.0242481	-0.756232	-0.0484958	1.77483	-0.0656697	0.439667	0.00101357	
-0.0250151	-0.756734	-0.0500298	1.77476	-0.0679706	0.440332	0.00102041	
-0.0257821	-0.757259	-0.0515638	1.77468	-0.0702716	0.441033	0.0010277	
-0.0265491	-0.757809	-0.0530978	1.7746	-0.0725726	0.44177	0.00103546	
-0.027316	-0.758384	-0.0546318	1.77452	-0.0748736	0.442543	0.00104369	
-0.028083	-0.758985	-0.0561657	1.77443	-0.0771745	0.443355	0.00105241	
-0.02885	-0.759611	-0.0576997	1.77433	-0.0794755	0.444204	0.00106164	
-0.029617	-0.760262	-0.0592337	1.77423	-0.0817765	0.445092	0.00107139	
-0.030384	-0.76094	-0.0607677	1.77413	-0.0840774	0.446019	0.00108166	
-0.031151	-0.761644	-0.0623017	1.77401	-0.0863784	0.446985	0.00109248	
-0.031918	-0.762375	-0.0638357	1.77389	-0.0886794	0.447991	0.00110385	
-0.032685	-0.763132	-0.0653696	1.77377	-0.0909803	0.449014	0.00111578	
-0.033452	-0.76391	-0.0669036	1.77365	-0.0932813	0.450037	0.0011282	
-0.034219	-0.764704	-0.0684376	1.77353	-0.0955823	0.451059	0.00114105	
-0.0349859	-0.765505	-0.0699716	1.77343	-0.0978833	0.452082	0.00115432	
-0.0357529	-0.766306	-0.0715056	1.77333	-0.100184	0.453105	0.00116805	
-0.0365199	-0.767107	-0.0730395	1.77323	-0.102485	0.454127	0.0011823	
-0.0372869	-0.767909	-0.0745735	1.77313	-0.104786	0.45515	0.0011971	
-0.0380539	-0.76871	-0.0761075	1.77303	-0.107087	0.456173	0.00121245	
-0.0388209	-0.769511	-0.0776415	1.77293	-0.109388	0.457195	0.00122837	
-0.0395879	-0.770312	-0.0791755	1.77282	-0.111689	0.458218	0.00124486	
-0.0403549	-0.771113	-0.0807094	1.77272	-0.11399	0.459241	0.00126193	
-0.0411219	-0.771914	-0.0822434	1.77261	-0.116291	0.460263	0.00127959	
-0.0418889	-0.772715	-0.0837774	1.7725	-0.118592	0.461286	0.00129783	
-0.0426559	-0.773516	-0.0853114	1.77239	-0.120893	0.462309	0.00131665	
-0.0434228	-0.774317	-0.0868454	1.77227	-0.123194	0.463331	0.00133606	
-0.0441898	-0.775118	-0.0883793	1.77216	-0.125495	0.464354	0.00135607	
-0.0449568	-0.775919	-0.0899133	1.77204	-0.127796	0.465377	0.00137666	
-0.0457238	-0.77672	-0.0914473	1.77192	-0.130097	0.466399	0.00139783	
-0.0464908	-0.777521	-0.0929813	1.77179	-0.132398	0.467422	0.0014196	
-0.0472578	-0.778323	-0.0945153	1.77167	-0.134699	0.468445	0.00144195	
-0.0480248	-0.779124	-0.0960492	1.77154	-0.137	0.469467	0.00146488	
-0.0487918	-0.779925	-0.0975832	1.77141	-0.139301	0.47049	0.00148839	
-0.0495588	-0.780726	-0.0991172	1.77128	-0.141602	0.471513	0.00151248	
-0.0503258	-0.781527	-0.100651	1.77115	-0.143903	0.472535	0.00153714	
-0.0510927	-0.782328	-0.102185	1.77101	-0.146204	0.473558	0.00156236	
-0.0518597	-0.783129	-0.103719	1.77088	-0.148505	0.47458	0.00158813	
-0.0526267	-0.78393	-0.105253	1.77074	-0.150806	0.475603	0.00161446	
-0.0533937	-0.784731	-0.106787	1.7706	-0.153107	0.476626	0.00164133	
-0.0541607	-0.785532	-0.108321	1.77046	-0.155408	0.477648	0.00166874	
-0.0549277	-0.786333	-0.109855	1.77031	-0.157709	0.478671	0.00169667	
-0.0556947	-0.787134	-0.111389	1.77017	-0.160009	0.479694	0.00172511	
-0.0564617	-0.787936	-0.112923	1.77002	-0.16231	0.480716	0.00175406	
-0.0572287	-0.788737	-0.114457	1.76987	-0.164611	0.481739	0.0017835	
-0.0579957	-0.789538	-0.115991	1.76972	-0.166912	0.482762	0.00181342	
-0.0587626	-0.790339	-0.117525	1.76956	-0.169213	0.483784	0.00184382	
-0.0595296	-0.79114	-0.119059	1.76941	-0.171514	0.484807	0.00187466	
-0.0602966	-0.791941	-0.120593	1.76925	-0.173815	0.48583	0.00190595	
-0.0610636	-0.792742	-0.122127	1.76909	-0.176116	0.486852	0.00193766	
-0.0618306	-0.793543	-0.123661	1.76893	-0.178417	0.487875	0.00196978	
-0.0625976	-0.794344	-0.125195	1.76877	-0.180718	0.488898	0.00200229	
-0.0633646	-0.795145	-0.126729	1.76861	-0.183019	0.48992	0.00203519	
-0.0641316	-0.795946	-0.128263	1.76844	-0.18532	0.490943	0.00206844	
-0.0648986	-0.796747	-0.129797	1.76827	-0.187621	0.491966	0.00210203	
-0.0656656	-0.797548	-0.131331	1.7681	-0.189922	0.492988	0.00213595	
-0.0664326	-0.79835	-0.132865	1.76793	-0.192223	0.494011	0.00217016	
-0.0671995	-0.799151	-0.134399	1.76776	-0.194524	0.495034	0.00220467	
-0.0679665	-0.799952	-0.135933	1.76759	-0.196825	0.496056	0.00223943	
-0.0687335	-0.800753	-0.137467	1.76741	-0.199126	0.497079	0.00227444	
-0.0695005	-0.801554	-0.139001	1.76724	-0.201427	0.498102	0.00230967	
-0.0702675	-0.802355	-0.140535	1.76706	-0.203728	0.499124	0.00234509	
-0.0710345	-0.803156	-0.142069	1.76688	-0.206029	0.500147	0.0023807	
-0.0718015	-0.803957	-0.143603	1.7667	-0.20833	0.501169	0.00241646	
-0.0725685	-0.804758	-0.145137	1.76652	-0.210631	0.502192	0.00245234	
-0.0733355	-0.805559	-0.146671	1.76633	-0.212932	0.503215	0.00248834	
-0.0741025	-0.80636	-0.148205	1.76615	-0.215233	0.504237	0.00252442	
-0.0748694	-0.807161	-0.149739	1.76596	-0.217534	0.50526	0.00256056	
-0.0756364	-0.807962	-0.151273	1.76577	-0.219835	0.506283	0.00259673	
-0.0764034	-0.808764	-0.152807	1.76559	-0.222136	0.507305	0.00263291	
-0.0771704	-0.809565	-0.154341	1.76556	-0.224437	0.508328	0.00266018	
