0.000976562
-0.00153398	-0.648398	-0.00207019	1.80244	-0.000564258	0.422045	-2.14719e-05	
-0.00306796	-0.646796	-0.0041978	1.80487	-0.00114221	0.424091	-4.11961e-05	
-0.00460194	-0.645194	-0.00634488	1.80731	-0.00172414	0.426136	-5.86354e-05	
-0.00613592	-0.643591	-0.00849651	1.80975	-0.00230669	0.428181	-7.35576e-05	
-0.0076699	-0.641989	-0.0106467	1.81219	-0.00288898	0.430227	-8.58515e-05	
-0.00920388	-0.640387	-0.0127929	1.81462	-0.00347108	0.432272	-9.54612e-05	
-0.0107379	-0.638785	-0.0149338	1.81706	-0.00405347	0.434317	-0.000102363	
-0.0122718	-0.637183	-0.017069	1.8195	-0.00463678	0.436362	-0.000106559	
-0.0138058	-0.636095	-0.0191977	1.82098	-0.00522176	0.437239	-0.00010807	
-0.0153398	-0.636102	-0.0213299	1.82098	-0.0058096	0.437246	-0.000108029	
-0.0168738	-0.636122	-0.0234749	1.82096	-0.00640098	0.437245	-0.000107967	
-0.0184078	-0.636143	-0.0256245	1.82094	-0.00699365	0.437243	-0.0001079	
-0.0199418	-0.636166	-0.0277755	1.82092	-0.00758666	0.437241	-0.000107828	
-0.0214757	-0.63619	-0.0299263	1.82089	-0.00817962	0.437238	-0.00010775	
-0.0230097	-0.636216	-0.0320762	1.82086	-0.00877234	0.437235	-0.000107668	
-0.0245437	-0.636243	-0.034225	1.82083	-0.00936473	0.437232	-0.00010758	
-0.0260777	-0.636271	-0.0363725	1.8208	-0.00995673	0.437228	-0.000107488	
-0.0276117	-0.6363	-0.0385186	1.82076	-0.0105483	0.437223	-0.000107391	
-0.0291456	-0.636332	-0.040663	1.82073	-0.0111395	0.437219	-0.000107289	
-0.0306796	-0.636364	-0.0428058	1.82069	-0.0117301	0.437214	-0.000107182	
-0.0322136	-0.636398	-0.0449468	1.82065	-0.0123203	0.437208	-0.000107071	
-0.0337476	-0.636433	-0.047086	1.82061	-0.0129099	0.437202	-0.000106954	
-0.0352816	-0.636469	-0.0492232	1.82056	-0.013499	0.437196	-0.000106833	
-0.0368155	-0.636507	-0.0513584	1.82052	-0.0140875	0.437189	-0.000106707	
-0.0383495	-0.636546	-0.0534914	1.82047	-0.0146754	0.437182	-0.000106577	
-0.0398835	-0.636587	-0.0556222	1.82042	-0.0152626	0.437175	-0.000106442	
-0.0414175	-0.636629	-0.0577507	1.82036	-0.0158492	0.437167	-0.000106303	
-0.0429515	-0.636672	-0.0598768	1.82031	-0.0164352	0.437159	-0.000106159	
-0.0444854	-0.636717	-0.0620004	1.82025	-0.0170204	0.43715	-0.00010601	
-0.0460194	-0.636762	-0.0641214	1.82019	-0.0176048	0.437141	-0.000105857	
-0.0475534	-0.63681	-0.0662398	1.82013	-0.0181885	0.437131	-0.0001057	
-0.0490874	-0.636858	-0.0683554	1.82007	-0.0187714	0.437122	-0.000105538	
-0.0506214	-0.636908	-0.0704681	1.82	-0.0193535	0.437111	-0.000105372	
-0.0521553	-0.636959	-0.0725779	1.81994	-0.0199348	0.437101	-0.000105201	
-0.0536893	-0.637011	-0.0746847	1.81987	-0.0205152	0.43709	-0.000105027	
-0.0552233	-0.637065	-0.0767883	1.8198	-0.0210947	0.437078	-0.000104848	
-0.0567573	-0.63712	-0.0788888	1.81973	-0.0216734	0.437067	-0.000104665	
-0.0582913	-0.637176	-0.080986	1.81965	-0.022251	0.437055	-0.000104478	
-0.0598253	-0.637233	-0.0830798	1.81958	-0.0228278	0.437042	-0.000104287	
-0.0613592	-0.637292	-0.0851702	1.8195	-0.0234035	0.437029	-0.000104092	
-0.0628932	-0.637352	-0.087257	1.81942	-0.0239783	0.437016	-0.000103893	
-0.0644272	-0.637413	-0.0893402	1.81934	-0.024552	0.437002	-0.00010369	
-0.0659612	-0.637475	-0.0914197	1.81925	-0.0251246	0.436988	-0.000103484	
-0.0674952	-0.637539	-0.0934955	1.81917	-0.0256962	0.436974	-0.000103273	
-0.0690291	-0.637603	-0.0955673	1.81908	-0.0262667	0.436959	-0.000103059	
-0.0705631	-0.637669	-0.0976352	1.81899	-0.026836	0.436944	-0.000102842	
-0.0720971	-0.637736	-0.0996991	1.8189	-0.0274043	0.436929	-0.00010262	
-0.0736311	-0.637805	-0.101759	1.81881	-0.0279713	0.436913	-0.000102396	
-0.0751651	-0.637874	-0.103814	1.81871	-0.0285372	0.436897	-0.000102168	
-0.076699	-0.637945	-0.105866	1.81862	-0.0291018	0.43688	-0.000101936	
-0.078233	-0.638016	-0.107913	1.81852	-0.0296652	0.436863	-0.000101701	
-0.079767	-0.638089	-0.109955	1.81842	-0.0302274	0.436846	-0.000101463	
-0.081301	-0.638163	-0.111993	1.81832	-0.0307883	0.436829	-0.000101221	
-0.082835	-0.638238	-0.114027	1.81822	-0.0313479	0.436811	-0.000100977	
-0.0843689	-0.638314	-0.116056	1.81811	-0.0319061	0.436793	-0.000100729	
-0.0859029	-0.638392	-0.11808	1.81801	-0.032463	0.436774	-0.000100479	
-0.0874369	-0.63847	-0.120099	1.8179	-0.0330186	0.436755	-0.000100225	
-0.0889709	-0.638549	-0.122113	1.81779	-0.0335728	0.436736	-9.99685e-05	
-0.0905049	-0.63863	-0.124123	1.81768	-0.0341256	0.436716	-9.97092e-05	
-0.0920388	-0.638711	-0.126127	1.81757	-0.0346769	0.436697	-9.94472e-05	
-0.0935728	-0.638794	-0.128127	1.81745	-0.0352268	0.436676	-9.91825e-05	
-0.0951068	-0.638877	-0.130121	1.81734	-0.0357753	0.436656	-9.89151e-05	
-0.0966408	-0.638962	-0.13211	1.81722	-0.0363223	0.436635	-9.86453e-05	
-0.0981748	-0.639047	-0.134094	1.8171	-0.0368677	0.436614	-9.83729e-05	
-0.0997088	-0.639134	-0.136072	1.81698	-0.0374117	0.436592	-9.80981e-05	
-0.101243	-0.639221	-0.138045	1.81686	-0.0379541	0.436571	-9.7821e-05	
-0.102777	-0.63931	-0.140012	1.81674	-0.0384949	0.436549	-9.75416e-05	
-0.104311	-0.639399	-0.141974	1.81661	-0.0390342	0.436526	-9.726e-05	
-0.105845	-0.639489	-0.14393	1.81649	-0.0395719	0.436504	-9.69763e-05	
-0.107379	-0.639581	-0.145881	1.81636	-0.040108	0.436481	-9.66905e-05	
-0.108913	-0.639673	-0.147825	1.81623	-0.0406424	0.436458	-9.64026e-05	
-0.110447	-0.639766	-0.149764	1.8161	-0.0411752	0.436434	-9.61129e-05	
-0.111981	-0.63986	-0.151697	1.81597	-0.0417064	0.43641	-9.58213e-05	
-0.113515	-0.639955	-0.153624	1.81584	-0.0422358	0.436386	-9.55279e-05	
-0.115049	-0.64005	-0.155545	1.8157	-0.0427636	0.436362	-9.52328e-05	
-0.116583	-0.640147	-0.15746	1.81557	-0.0432896	0.436337	-9.4936e-05	
-0.118117	-0.640244	-0.159369	1.81543	-0.0438139	0.436312	-9.46377e-05	
-0.119651	-0.640342	-0.161272	1.81529	-0.0443365	0.436287	-9.43378e-05	
-0.121184	-0.640441	-0.163168	1.81516	-0.0448573	0.436262	-9.40365e-05	
-0.122718	-0.640541	-0.165058	1.81502	-0.0453763	0.436236	-9.37338e-05	
-0.124252	-0.640641	-0.166942	1.81487	-0.0458935	0.43621	-9.34298e-05	
-0.125786	-0.640743	-0.168819	1.81473	-0.0464089	0.436184	-9.31245e-05	
-0.12732	-0.640845	-0.17069	1.81459	-0.0469225	0.436157	-9.28181e-05	
-0.128854	-0.640948	-0.172555	1.81444	-0.0474343	0.436131	-9.25105e-05	
-0.130388	-0.641051	-0.174413	1.8143	-0.0479442	0.436104	-9.22019e-05	
-0.131922	-0.641155	-0.176264	1.81415	-0.0484522	0.436077	-9.18924e-05	
-0.133456	-0.64126	-0.178108	1.814	-0.0489584	0.436049	-9.15819e-05	
-0.13499	-0.641366	-0.179946	1.81385	-0.0494626	0.436021	-9.12706e-05	
-0.136524	-0.641472	-0.181777	1.8137	-0.049965	0.435994	-9.09585e-05	
-0.138058	-0.641579	-0.183601	1.81355	-0.0504654	0.435966	-9.06457e-05	
-0.139592	-0.641687	-0.185419	1.8134	-0.0509639	0.435937	-9.03322e-05	
-0.141126	-0.641795	-0.187229	1.81325	-0.0514604	0.435909	-9.00182e-05	
-0.14266	-0.641904	-0.189032	1.81309	-0.051955	0.43588	-8.97036e-05	
-0.144189	-0.642014	-0.190829	1.81294	-0.0524477	0.435851	-8.93886e-05	
-0.145713	-0.642124	-0.192621	1.81278	-0.052939	0.435822	-8.90722e-05	
-0.147235	-0.642235	-0.194409	1.81263	-0.0534292	0.435792	-8.87545e-05	
-0.148752	-0.642346	-0.196193	1.81247	-0.0539182	0.435763	-8.84355e-05	
-0.150266	-0.642459	-0.197972	1.81231	-0.0544059	0.435733	-8.81153e-05	
-0.151776	-0.642572	-0.199747	1.81215	-0.0548924	0.435703	-8.77939e-05	
-0.153283	-0.642686	-0.201518	1.81199	-0.0553777	0.435673	-8.74712e-05	
-0.153199	-0.642678	-0.201419	1.812	-0.0553506	0.435676	-8.74702e-05	
-0.153203	-0.642679	-0.201425	1.812	-0.0553522	0.435675	-8.74702e-05	
-0.153203	-0.642679	-0.201425	1.812	-0.0553521	0.435675	-8.74702e-05	
-0.153203	-0.642679	-0.201425	1.812	-0.0553521	0.435675	-8.74702e-05	
-0.153203	-0.642679	-0.201425	1.812	-0.0553521	0.435675	-8.74702e-05	
-0.153203	-0.642679	-0.201425	1.812	-0.0553521	0.435675	-8.74702e-05	
-0.153203	-0.642679	-0.201425	1.812	-0.0553521	0.435675	-8.74702e-05	
-0.153203	-0.642679	-0.201425	1.812	-0.0553521	0.435675	-8.74702e-05	
-0.153203	-0.642679	-0.201425	1.812	-0.0553521	0.435675	-8.74702e-05	
-0.153203	-0.642679	-0.201425	1.812	-0.0553521	0.435675	-8.74702e-05	
-0.153203	-0.642679	-0.201425	1.812	-0.0553521	0.435675	-8.74702e-05	
-0.153203	-0.642679	-0.201425	1.812	-0.0553521	0.435675	-8.74702e-05	
-0.153203	-0.642679	-0.201425	1.812	-0.0553521	0.435675	-8.74702e-05	
-0.153203	-0.642679	-0.201425	1.812	-0.0553521	0.435675	-8.74702e-05	
-0.153203	-0.642679	-0.201425	1.812	-0.0553521	0.435675	-8.74702e-05	
-0.153203	-0.642679	-0.201425	1.812	-0.0553521	0.435675	-8.74702e-05	
-0.153203	-0.642679	-0.201425	1.812	-0.0553521	0.435675	-8.74702e-05	
-0.153203	-0.642679	-0.201425	1.812	-0.0553521	0.435675	-8.74702e-05	
-0.153203	-0.642679	-0.201425	1.812	-0.0553521	0.435675	-8.74702e-05	
-0.153203	-0.642679	-0.201425	1.812	-0.0553521	0.435675	-8.74702e-05	
-0.153203	-0.642679	-0.201425	1.812	-0.0553521	0.435675	-8.74702e-05	
-0.153203	-0.642679	-0.201425	1.812	-0.0553521	0.435675	-8.74702e-05	
-0.153203	-0.642679	-0.201425	1.812	-0.0553521	0.435675	-8.74702e-05	
-0.153203	-0.642679	-0.201425	1.812	-0.0553521	0.435675	-8.74702e-05	
-0.153203	-0.642679	-0.201425	1.812	-0.0553521	0.435675	-8.74702e-05	
-0.153203	-0.642679	-0.201425	1.812	-0.0553521	0.435675	-8.74702e-05	
-0.153203	-0.642679	-0.201425	1.812	-0.0553521	0.435675	-8.74702e-05	
-0.153203	-0.642679	-0.201425	1.812	-0.0553521	0.435675	-8.74702e-05	
-0.153203	-0.642679	-0.201425	1.812	-0.0553521	0.435675	-8.74702e-05	
-0.153203	-0.642679	-0.201425	1.812	-0.0553521	0.435675	-8.74702e-05	
-0.153203	-0.642679	-0.201425	1.812	-0.0553521	0.435675	-8.74702e-05	
-0.153203	-0.642679	-0.201425	1.812	-0.0553521	0.435675	-8.74702e-05	
-0.153203	-0.642679	-0.201425	1.812	-0.0553521	0.435675	-8.74702e-05	
-0.153203	-0.642679	-0.201425	1.812	-0.0553521	0.435675	-8.74702e-05	
-0.153203	-0.642679	-0.201425	1.812	-0.0553521	0.435675	-8.74702e-05	
-0.153203	-0.642679	-0.201425	1.812	-0.0553521	0.435675	-8.74702e-05	
-0.153203	-0.642679	-0.201425	1.812	-0.0553521	0.435675	-8.74702e-05	
-0.153203	-0.642679	-0.201425	1.812	-0.0553521	0.435675	-8.74702e-05	
-0.153203	-0.642679	-0.201425	1.812	-0.0553521	0.435675	-8.74702e-05	
-0.153203	-0.642679	-0.201425	1.812	-0.0553521	0.435675	-8.74702e-05	
-0.153203	-0.642679	-0.201425	1.812	-0.0553521	0.435675	-8.74702e-05	
-0.153203	-0.642679	-0.201425	1.812	-0.0553521	0.435675	-8.74702e-05	
-0.153203	-0.642679	-0.201425	1.812	-0.0553521	0.435675	-8.74702e-05	
-0.153203	-0.642679	-0.201425	1.812	-0.0553521	0.435675	-8.74702e-05	
-0.153203	-0.642679	-0.201425	1.812	-0.0553521	0.435675	-8.74702e-05	
-0.153203	-0.642679	-0.201425	1.812	-0.0553521	0.435675	-8.74702e-05	
-0.153203	-0.642679	-0.201425	1.812	-0.0553521	0.435675	-8.74702e-05	
-0.153203	-0.642679	-0.201425	1.812	-0.0553521	0.435675	-8.74702e-05	
-0.153203	-0.642679	-0.201425	1.812	-0.0553521	0.435675	-8.74702e-05	
-0.153203	-0.642679	-0.201425	1.812	-0.0553521	0.435675	-8.74702e-05	
-0.153203	-0.642679	-0.201425	1.812	-0.0553521	0.435675	-8.74702e-05	
-0.153203	-0.642679	-0.201425	1.812	-0.0553521	0.435675	-8.74702e-05	
-0.153203	-0.642679	-0.201425	1.812	-0.0553521	0.435675	-8.74702e-05	
-0.153203	-0.642679	-0.201425	1.812	-0.0553521	0.435675	-8.74702e-05	
-0.153203	-0.642679	-0.201425	1.812	-0.0553521	0.435675	-8.74702e-05	
-0.153203	-0.642679	-0.201425	1.812	-0.0553521	0.435675	-8.74702e-05	
-0.153203	-0.642679	-0.201425	1.812	-0.0553521	0.435675	-8.74702e-05	
-0.153203	-0.642679	-0.201425	1.812	-0.0553521	0.435675	-8.74702e-05	
-0.153203	-0.642679	-0.201425	1.812	-0.0553521	0.435675	-8.74702e-05	
-0.153203	-0.642679	-0.201425	1.812	-0.0553521	0.435675	-8.74702e-05	
-0.153203	-0.642679	-0.201425	1.812	-0.0553521	0.435675	-8.74702e-05	
-0.153203	-0.642679	-0.201425	1.812	-0.0553521	0.435675	-8.74702e-05	
-0.153203	-0.642679	-0.201425	1.812	-0.0553521	0.435675	-8.74702e-05	
-0.153203	-0.642679	-0.201425	1.812	-0.0553521	0.435675	-8.74702e-05	
-0.153203	-0.642679	-0.201425	1.812	-0.0553521	0.435675	-8.74702e-05	
-0.153203	-0.642679	-0.201425	1.812	-0.0553521	0.435675	-8.74702e-05	
-0.153203	-0.642679	-0.201425	1.812	-0.0553521	0.435675	-8.74702e-05	
-0.153203	-0.642679	-0.201425	1.812	-0.0553521	0.435675	-8.74702e-05	
-0.153203	-0.642679	-0.201425	1.812	-0.0553521	0.435675	-8.74702e-05	
-0.153203	-0.642679	-0.201425	1.812	-0.0553521	0.435675	-8.74702e-05	
-0.153203	-0.642679	-0.201425	1.812	-0.0553521	0.435675	-8.74702e-05	
-0.153203	-0.642679	-0.201425	1.812	-0.0553521	0.435675	-8.74702e-05	
-0.153203	-0.642679	-0.201425	1.812	-0.0553521	0.435675	-8.74702e-05	
-0.153203	-0.642679	-0.201425	1.812	-0.0553521	0.435675	-8.74702e-05	
-0.153203	-0.642679	-0.201425	1.812	-0.0553521	0.435675	-8.74702e-05	
-0.153203	-0.642679	-0.201425	1.812	-0.0553521	0.435675	-8.74702e-05	
-0.153203	-0.642679	-0.201425	1.812	-0.0553521	0.435675	-8.74702e-05	
-0.153203	-0.642679	-0.201425	1.812	-0.0553521	0.435675	-8.74702e-05	
-0.153203	-0.642679	-0.201425	1.812	-0.0553521	0.435675	-8.74702e-05	
-0.153203	-0.642679	-0.201425	1.812	-0.0553521	0.435675	-8.74702e-05	
-0.153203	-0.642679	-0.201425	1.812	-0.0553521	0.435675	-8.74702e-05	
-0.153203	-0.642679	-0.201425	1.812	-0.0553521	0.435675	-8.74702e-05	
-0.153203	-0.642679	-0.201425	1.812	-0.0553521	0.435675	-8.74702e-05	
-0.153203	-0.642679	-0.201425	1.812	-0.0553521	0.435675	-8.74702e-05	
-0.153203	-0.642679	-0.201425	1.812	-0.0553521	0.435675	-8.74702e-05	
-0.153203	-0.642679	-0.201425	1.812	-0.0553521	0.435675	-8.74702e-05	
-0.153203	-0.642679	-0.201425	1.812	-0.0553521	0.435675	-8.74702e-05	
-0.153203	-0.642679	-0.201425	1.812	-0.0553521	0.435675	-8.74702e-05	
-0.153203	-0.642679	-0.201425	1.812	-0.0553521	0.435675	-8.74702e-05	
-0.153203	-0.642679	-0.201425	1.812	-0.0553521	0.435675	-8.74702e-05	
-0.153203	-0.642679	-0.201425	1.812	-0.0553521	0.435675	-8.74702e-05	
-0.153203	-0.642679	-0.201425	1.812	-0.0553521	0.435675	-8.74702e-05	
-0.153203	-0.642679	-0.201425	1.812	-0.0553521	0.435675	-8.74702e-05	
-0.153203	-0.642679	-0.201425	1.812	-0.0553521	0.435675	-8.74702e-05	
-0.153203	-0.642679	-0.201425	1.812	-0.0553521	0.435675	-8.74702e-05	
-0.153203	-0.642679	-0.201425	1.812	-0.0553521	0.435675	-8.74702e-05	
-0.153203	-0.642679	-0.201425	1.812	-0.0553521	0.435675	-8.74702e-05	
-0.153203	-0.642679	-0.201425	1.812	-0.0553521	0.435675	-8.74702e-05	
-0.153203	-0.642679	-0.201425	1.812	-0.0553521	0.435675	-8.74702e-05	
-0.153203	-0.642679	-0.201425	1.812	-0.0553521	0.435675	-8.74702e-05	
-0.151669	-0.643098	-0.199429	1.81144	-0.054816	0.435281	-8.77882e-05	
-0.150135	-0.64349	-0.197496	1.81092	-0.0542971	0.434911	-8.807e-05	
-0.148601	-0.643886	-0.195581	1.81039	-0.0537838	0.434538	-8.83599e-05	
-0.147067	-0.644285	-0.193669	1.80986	-0.0532719	0.434164	-8.86546e-05	
-0.145533	-0.644686	-0.191755	1.80932	-0.0527602	0.433789	-8.89542e-05	
-0.143999	-0.645088	-0.189838	1.80878	-0.0522479	0.433413	-8.92585e-05	
-0.142465	-0.645492	-0.187916	1.80825	-0.051735	0.433036	-8.95675e-05	
-0.140931	-0.645899	-0.185989	1.8077	-0.0512215	0.432659	-8.98815e-05	
-0.139397	-0.646306	-0.184057	1.80716	-0.0507072	0.43228	-9.02002e-05	
-0.137863	-0.646716	-0.182121	1.80661	-0.0501922	0.431901	-9.05239e-05	
-0.136329	-0.647127	-0.18018	1.80606	-0.0496765	0.431521	-9.08525e-05	
-0.134795	-0.64754	-0.178234	1.80551	-0.0491602	0.43114	-9.1186e-05	
-0.133261	-0.647955	-0.176284	1.80496	-0.0486433	0.430759	-9.15246e-05	
-0.131727	-0.648372	-0.174329	1.8044	-0.0481258	0.430376	-9.18682e-05	
-0.130193	-0.64879	-0.17237	1.80384	-0.0476077	0.429993	-9.22168e-05	
-0.128659	-0.649211	-0.170407	1.80328	-0.047089	0.429609	-9.25705e-05	
-0.127125	-0.649632	-0.168439	1.80272	-0.0465698	0.429224	-9.29294e-05	
-0.125591	-0.650056	-0.166467	1.80216	-0.0460501	0.428839	-9.32934e-05	
-0.124057	-0.650481	-0.164491	1.80159	-0.04553	0.428453	-9.36625e-05	
-0.122523	-0.650908	-0.162511	1.80102	-0.0450093	0.428066	-9.40369e-05	
-0.120989	-0.651337	-0.160527	1.80045	-0.0444883	0.427678	-9.44165e-05	
-0.119456	-0.651768	-0.15854	1.79987	-0.0439669	0.42729	-9.48013e-05	
-0.117922	-0.6522	-0.156548	1.7993	-0.043445	0.426901	-9.51914e-05	
-0.116388	-0.652634	-0.154553	1.79872	-0.0429228	0.426511	-9.55868e-05	
-0.114854	-0.653069	-0.152555	1.79814	-0.0424003	0.426121	-9.59875e-05	
-0.11332	-0.653507	-0.150553	1.79756	-0.0418775	0.42573	-9.63935e-05	
-0.111786	-0.653946	-0.148547	1.79697	-0.0413544	0.425339	-9.68048e-05	
-0.110252	-0.654386	-0.146538	1.79638	-0.0408311	0.424947	-9.72215e-05	
-0.108718	-0.654829	-0.144526	1.7958	-0.0403075	0.424554	-9.76436e-05	
-0.107184	-0.655273	-0.142511	1.7952	-0.0397837	0.424161	-9.80711e-05	
-0.10565	-0.655718	-0.140492	1.79461	-0.0392598	0.423767	-9.85039e-05	
-0.104116	-0.656166	-0.138471	1.79402	-0.0387357	0.423373	-9.89422e-05	
-0.102582	-0.656614	-0.136447	1.79342	-0.0382114	0.422978	-9.93859e-05	
-0.101048	-0.657065	-0.13442	1.79282	-0.0376871	0.422582	-9.9835e-05	
-0.0995138	-0.657517	-0.13239	1.79222	-0.0371627	0.422187	-0.00010029	
-0.0979798	-0.657971	-0.130358	1.79162	-0.0366382	0.42179	-0.000100749	
-0.0964458	-0.658426	-0.128323	1.79101	-0.0361137	0.421393	-0.000101215	
-0.0949118	-0.658883	-0.126286	1.79041	-0.0355892	0.420996	-0.000101686	
-0.0933778	-0.659342	-0.124246	1.7898	-0.0350647	0.420598	-0.000102162	
-0.0918439	-0.659802	-0.122204	1.78919	-0.0345403	0.4202	-0.000102644	
-0.0903099	-0.660263	-0.12016	1.78857	-0.0340159	0.419802	-0.000103131	
-0.0887759	-0.660726	-0.118114	1.78796	-0.0334917	0.419403	-0.000103623	
-0.0872419	-0.661191	-0.116066	1.78734	-0.0329675	0.419004	-0.000104121	
-0.0857079	-0.661657	-0.114016	1.78673	-0.0324435	0.418604	-0.000104625	
-0.084174	-0.662125	-0.111964	1.78611	-0.0319197	0.418204	-0.000105134	
-0.08264	-0.662594	-0.109911	1.78549	-0.0313961	0.417804	-0.000105648	
-0.081106	-0.663065	-0.107856	1.78486	-0.0308727	0.417403	-0.000106167	
-0.079572	-0.663537	-0.105799	1.78424	-0.0303495	0.417002	-0.000106692	
-0.078038	-0.664011	-0.103741	1.78361	-0.0298266	0.416601	-0.000107223	
-0.0765041	-0.664486	-0.101682	1.78299	-0.029304	0.4162	-0.000107758	
-0.0749701	-0.664962	-0.099621	1.78236	-0.0287817	0.415798	-0.000108299	
-0.0734361	-0.66544	-0.0975592	1.78173	-0.0282597	0.415397	-0.000108846	
-0.0719021	-0.665919	-0.0954963	1.78109	-0.0277382	0.414995	-0.000109397	
-0.0703681	-0.6664	-0.0934324	1.78046	-0.027217	0.414592	-0.000109954	
-0.0688342	-0.666882	-0.0913677	1.77982	-0.0266962	0.41419	-0.000110516	
-0.0673002	-0.667366	-0.0893022	1.77919	-0.0261758	0.413788	-0.000111083	
-0.0657662	-0.66785	-0.087236	1.77855	-0.025656	0.413385	-0.000111655	
-0.0642322	-0.668336	-0.0851692	1.77791	-0.0251366	0.412982	-0.000112233	
-0.0626982	-0.668824	-0.0831019	1.77727	-0.0246177	0.412579	-0.000112815	
-0.0611642	-0.669313	-0.0810341	1.77663	-0.0240993	0.412176	-0.000113403	
-0.0596303	-0.669803	-0.0789661	1.77598	-0.0235815	0.411773	-0.000113996	
-0.0580963	-0.670294	-0.0768978	1.77534	-0.0230643	0.41137	-0.000114593	
-0.0565623	-0.670786	-0.0748294	1.77469	-0.0225476	0.410967	-0.000115196	
-0.0550283	-0.67128	-0.072761	1.77404	-0.0220316	0.410564	-0.000115804	
-0.0534943	-0.671775	-0.0706926	1.7734	-0.0215162	0.410161	-0.000116416	
-0.0519604	-0.672271	-0.0686244	1.77275	-0.0210015	0.409758	-0.000117033	
-0.0504264	-0.672768	-0.0665563	1.7721	-0.0204875	0.409355	-0.000117655	
-0.0488924	-0.673267	-0.0644887	1.77144	-0.0199742	0.408952	-0.000118282	
-0.0473584	-0.673766	-0.0624214	1.77079	-0.0194617	0.408549	-0.000118914	
-0.0458244	-0.674267	-0.0603547	1.77014	-0.0189499	0.408146	-0.00011955	
-0.0442905	-0.674769	-0.0582885	1.76948	-0.0184388	0.407744	-0.000120191	
-0.0427565	-0.675272	-0.0562231	1.76883	-0.0179286	0.407341	-0.000120836	
-0.0412225	-0.675776	-0.0541584	1.76817	-0.0174192	0.406939	-0.000121486	
-0.0396885	-0.676281	-0.0520947	1.76751	-0.0169106	0.406537	-0.00012214	
-0.0381545	-0.676787	-0.0500319	1.76685	-0.0164029	0.406135	-0.000122799	
-0.0366206	-0.677294	-0.0479701	1.76619	-0.0158961	0.405733	-0.000123462	
-0.0350866	-0.677802	-0.0459095	1.76553	-0.0153902	0.405331	-0.000124129	
-0.0335526	-0.678311	-0.0438502	1.76487	-0.0148852	0.40493	-0.000124801	
-0.0320186	-0.678821	-0.0417921	1.76421	-0.0143811	0.404528	-0.000125476	
-0.0304846	-0.679332	-0.0397355	1.76355	-0.013878	0.404128	-0.000126156	
-0.0289507	-0.679844	-0.0376804	1.76288	-0.0133759	0.403727	-0.00012684	
-0.0274167	-0.680356	-0.0356269	1.76222	-0.0128748	0.403327	-0.000127527	
-0.0258827	-0.68087	-0.0335751	1.76155	-0.0123747	0.402927	-0.000128219	
-0.0243487	-0.681384	-0.031525	1.76089	-0.0118757	0.402527	-0.000128914	
-0.0228147	-0.681899	-0.0294768	1.76022	-0.0113777	0.402128	-0.000129613	
-0.0212807	-0.682416	-0.0274306	1.75956	-0.0108808	0.401729	-0.000130316	
-0.0197468	-0.682932	-0.0253864	1.75889	-0.010385	0.40133	-0.000131022	
-0.0182128	-0.68345	-0.0233443	1.75822	-0.00989036	0.400932	-0.000131732	
-0.0166788	-0.683968	-0.0213044	1.75755	-0.00939682	0.400534	-0.000132446	
-0.0151448	-0.684487	-0.0192668	1.75689	-0.00890444	0.400137	-0.000133163	
-0.0136108	-0.685007	-0.0172315	1.75622	-0.00841323	0.39974	-0.000133883	
-0.0120769	-0.685527	-0.0151988	1.75555	-0.00792321	0.399344	-0.000134606	
-0.0105429	-0.686048	-0.0131685	1.75488	-0.00743439	0.398948	-0.000135332	
-0.0090089	-0.68657	-0.0111409	1.75421	-0.0069468	0.398552	-0.000136062	
-0.00747492	-0.687092	-0.00911598	1.75354	-0.00646045	0.398157	-0.000136795	
-0.00594094	-0.687615	-0.00709385	1.75287	-0.00597536	0.397763	-0.00013753	
-0.00440696	-0.688139	-0.00507459	1.7522	-0.00549155	0.397369	-0.000138268	
-0.00287298	-0.688663	-0.00305829	1.75153	-0.00500902	0.396976	-0.00013901	
-0.001339	-0.689187	-0.00104501	1.75086	-0.00452781	0.396583	-0.000139753	
0.000193516	-0.689712	0.000965165	1.75019	-0.00404791	0.396191	-0.0001405	
0.000136045	-0.68969	0.000889747	1.75022	-0.00406592	0.396208	-0.000140501	
0.000138268	-0.689691	0.000892665	1.75022	-0.00406523	0.396207	-0.000140501	
0.000138183	-0.689691	0.000892552	1.75022	-0.00406525	0.396207	-0.000140501	
0.000138186	-0.689691	0.000892557	1.75022	-0.00406525	0.396207	-0.000140501	
0.000138186	-0.689691	0.000892557	1.75022	-0.00406525	0.396207	-0.000140501	
0.000138186	-0.689691	0.000892557	1.75022	-0.00406525	0.396207	-0.000140501	
0.000138186	-0.689691	0.000892557	1.75022	-0.00406525	0.396207	-0.000140501	
0.000138186	-0.689691	0.000892557	1.75022	-0.00406525	0.396207	-0.000140501	
0.000138186	-0.689691	0.000892557	1.75022	-0.00406525	0.396207	-0.000140501	
0.000138186	-0.689691	0.000892557	1.75022	-0.00406525	0.396207	-0.000140501	
0.000138186	-0.689691	0.000892557	1.75022	-0.00406525	0.396207	-0.000140501	
0.000138186	-0.689691	0.000892557	1.75022	-0.00406525	0.396207	-0.000140501	
0.000138186	-0.689691	0.000892557	1.75022	-0.00406525	0.396207	-0.000140501	
0.000138186	-0.689691	0.000892557	1.75022	-0.00406525	0.396207	-0.000140501	
0.000138186	-0.689691	0.000892557	1.75022	-0.00406525	0.396207	-0.000140501	
0.000138186	-0.689691	0.000892557	1.75022	-0.00406525	0.396207	-0.000140501	
0.000138186	-0.689691	0.000892557	1.75022	-0.00406525	0.396207	-0.000140501	
0.000138186	-0.689691	0.000892557	1.75022	-0.00406525	0.396207	-0.000140501	
0.000138186	-0.689691	0.000892557	1.75022	-0.00406525	0.396207	-0.000140501	
0.000138186	-0.689691	0.000892557	1.75022	-0.00406525	0.396207	-0.000140501	
0.000138186	-0.689691	0.000892557	1.75022	-0.00406525	0.396207	-0.000140501	
0.000138186	-0.689691	0.000892557	1.75022	-0.00406525	0.396207	-0.000140501	
0.000138186	-0.689691	0.000892557	1.75022	-0.00406525	0.396207	-0.000140501	
0.000138186	-0.689691	0.000892557	1.75022	-0.00406525	0.396207	-0.000140501	
0.000138186	-0.689691	0.000892557	1.75022	-0.00406525	0.396207	-0.000140501	
0.000138186	-0.689691	0.000892557	1.75022	-0.00406525	0.396207	-0.000140501	
0.000138186	-0.689691	0.000892557	1.75022	-0.00406525	0.396207	-0.000140501	
0.000138186	-0.689691	0.000892557	1.75022	-0.00406525	0.396207	-0.000140501	
0.000138186	-0.689691	0.000892557	1.75022	-0.00406525	0.396207	-0.000140501	
0.000138186	-0.689691	0.000892557	1.75022	-0.00406525	0.396207	-0.000140501	
0.000138186	-0.689691	0.000892557	1.75022	-0.00406525	0.396207	-0.000140501	
0.000138186	-0.689691	0.000892557	1.75022	-0.00406525	0.396207	-0.000140501	
0.000138186	-0.689691	0.000892557	1.75022	-0.00406525	0.396207	-0.000140501	
0.000138186	-0.689691	0.000892557	1.75022	-0.00406525	0.396207	-0.000140501	
0.000138186	-0.689691	0.000892557	1.75022	-0.00406525	0.396207	-0.000140501	
0.000138186	-0.689691	0.000892557	1.75022	-0.00406525	0.396207	-0.000140501	
0.000138186	-0.689691	0.000892557	1.75022	-0.00406525	0.396207	-0.000140501	
0.000138186	-0.689691	0.000892557	1.75022	-0.00406525	0.396207	-0.000140501	
0.000138186	-0.689691	0.000892557	1.75022	-0.00406525	0.396207	-0.000140501	
0.000138186	-0.689691	0.000892557	1.75022	-0.00406525	0.396207	-0.000140501	
0.000138186	-0.689691	0.000892557	1.75022	-0.00406525	0.396207	-0.000140501	
0.000138186	-0.689691	0.000892557	1.75022	-0.00406525	0.396207	-0.000140501	
0.000138186	-0.689691	0.000892557	1.75022	-0.00406525	0.396207	-0.000140501	
0.000138186	-0.689691	0.000892557	1.75022	-0.00406525	0.396207	-0.000140501	
0.000138186	-0.689691	0.000892557	1.75022	-0.00406525	0.396207	-0.000140501	
0.000138186	-0.689691	0.000892557	1.75022	-0.00406525	0.396207	-0.000140501	
0.000138186	-0.689691	0.000892557	1.75022	-0.00406525	0.396207	-0.000140501	
0.000138186	-0.689691	0.000892557	1.75022	-0.00406525	0.396207	-0.000140501	
0.000138186	-0.689691	0.000892557	1.75022	-0.00406525	0.396207	-0.000140501	
0.000138186	-0.689691	0.000892557	1.75022	-0.00406525	0.396207	-0.000140501	
0.000138186	-0.689691	0.000892557	1.75022	-0.00406525	0.396207	-0.000140501	
0.000138186	-0.689691	0.000892557	1.75022	-0.00406525	0.396207	-0.000140501	
0.000138186	-0.689691	0.000892557	1.75022	-0.00406525	0.396207	-0.000140501	
0.000138186	-0.689691	0.000892557	1.75022	-0.00406525	0.396207	-0.000140501	
0.000138186	-0.689691	0.000892557	1.75022	-0.00406525	0.396207	-0.000140501	
0.000138186	-0.689691	0.000892557	1.75022	-0.00406525	0.396207	-0.000140501	
0.000138186	-0.689691	0.000892557	1.75022	-0.00406525	0.396207	-0.000140501	
0.000138186	-0.689691	0.000892557	1.75022	-0.00406525	0.396207	-0.000140501	
0.000138186	-0.689691	0.000892557	1.75022	-0.00406525	0.396207	-0.000140501	
0.000138186	-0.689691	0.000892557	1.75022	-0.00406525	0.396207	-0.000140501	
0.000138186	-0.689691	0.000892557	1.75022	-0.00406525	0.396207	-0.000140501	
0.000138186	-0.689691	0.000892557	1.75022	-0.00406525	0.396207	-0.000140501	
0.000138186	-0.689691	0.000892557	1.75022	-0.00406525	0.396207	-0.000140501	
0.000138186	-0.689691	0.000892557	1.75022	-0.00406525	0.396207	-0.000140501	
0.000138186	-0.689691	0.000892557	1.75022	-0.00406525	0.396207	-0.000140501	
0.000138186	-0.689691	0.000892557	1.75022	-0.00406525	0.396207	-0.000140501	
0.000138186	-0.689691	0.000892557	1.75022	-0.00406525	0.396207	-0.000140501	
0.000138186	-0.689691	0.000892557	1.75022	-0.00406525	0.396207	-0.000140501	
0.000138186	-0.689691	0.000892557	1.75022	-0.00406525	0.396207	-0.000140501	
0.000138186	-0.689691	0.000892557	1.75022	-0.00406525	0.396207	-0.000140501	
0.000138186	-0.689691	0.000892557	1.75022	-0.00406525	0.396207	-0.000140501	
0.000138186	-0.689691	0.000892557	1.75022	-0.00406525	0.396207	-0.000140501	
0.000138186	-0.689691	0.000892557	1.75022	-0.00406525	0.396207	-0.000140501	
0.000138186	-0.689691	0.000892557	1.75022	-0.00406525	0.396207	-0.000140501	
0.000138186	-0.689691	0.000892557	1.75022	-0.00406525	0.396207	-0.000140501	
0.000138186	-0.689691	0.000892557	1.75022	-0.00406525	0.396207	-0.000140501	
0.000138186	-0.689691	0.000892557	1.75022	-0.00406525	0.396207	-0.000140501	
0.000138186	-0.689691	0.000892557	1.75022	-0.00406525	0.396207	-0.000140501	
0.000138186	-0.689691	0.000892557	1.75022	-0.00406525	0.396207	-0.000140501	
0.000138186	-0.689691	0.000892557	1.75022	-0.00406525	0.396207	-0.000140501	
0.000138186	-0.689691	0.000892557	1.75022	-0.00406525	0.396207	-0.000140501	
0.000138186	-0.689691	0.000892557	1.75022	-0.00406525	0.396207	-0.000140501	
0.000138186	-0.689691	0.000892557	1.75022	-0.00406525	0.396207	-0.000140501	
0.000138186	-0.689691	0.000892557	1.75022	-0.00406525	0.396207	-0.000140501	
0.000138186	-0.689691	0.000892557	1.75022	-0.00406525	0.396207	-0.000140501	
0.000138186	-0.689691	0.000892557	1.75022	-0.00406525	0.396207	-0.000140501	
0.000138186	-0.689691	0.000892557	1.75022	-0.00406525	0.396207	-0.000140501	
0.000138186	-0.689691	0.000892557	1.75022	-0.00406525	0.396207	-0.000140501	
0.000138186	-0.689691	0.000892557	1.75022	-0.00406525	0.396207	-0.000140501	
0.000138186	-0.689691	0.000892557	1.75022	-0.00406525	0.396207	-0.000140501	
0.000138186	-0.689691	0.000892557	1.75022	-0.00406525	0.396207	-0.000140501	
0.000138186	-0.689691	0.000892557	1.75022	-0.00406525	0.396207	-0.000140501	
0.000138186	-0.689691	0.000892557	1.75022	-0.00406525	0.396207	-0.000140501	
0.000138186	-0.689691	0.000892557	1.75022	-0.00406525	0.396207	-0.000140501	
0.000138186	-0.689691	0.000892557	1.75022	-0.00406525	0.396207	-0.000140501	
0.000138186	-0.689691	0.000892557	1.75022	-0.00406525	0.396207	-0.000140501	
0.000138186	-0.689691	0.000892557	1.75022	-0.00406525	0.396207	-0.000140501	
0.000138186	-0.689691	0.000892557	1.75022	-0.00406525	0.396207	-0.000140501	
0.000138186	-0.689691	0.000892557	1.75022	-0.00406525	0.396207	-0.000140501	
0.000138186	-0.689691	0.000892557	1.75022	-0.00406525	0.396207	-0.000140501	
-0.0013958	-0.689698	-0.0011928	1.75022	-0.004564	0.396214	-0.000140493	
-0.00292978	-0.689705	-0.00322456	1.75022	-0.00504993	0.396221	-0.000140481	
-0.00446376	-0.689714	-0.00523837	1.75022	-0.00553157	0.396228	-0.000140467	
-0.00599376	-0.689722	-0.00724605	1.75022	-0.00601175	0.396235	-0.000140448	
-0.00752355	-0.689732	-0.00925343	1.75021	-0.00649186	0.396243	-0.000140426	
-0.00905316	-0.689743	-0.0112606	1.75021	-0.00697193	0.39625	-0.000140399	
-0.0105825	-0.689754	-0.0132674	1.75021	-0.00745193	0.396258	-0.000140369	
-0.0121117	-0.689766	-0.0152739	1.7502	-0.00793185	0.396266	-0.000140336	
-0.0136405	-0.689779	-0.0172801	1.7502	-0.00841168	0.396273	-0.000140298	
-0.015169	-0.689793	-0.0192857	1.75019	-0.00889141	0.396282	-0.000140256	
-0.0166972	-0.689808	-0.0212909	1.75018	-0.00937103	0.39629	-0.000140211	
-0.0182249	-0.689823	-0.0232955	1.75017	-0.00985052	0.396298	-0.000140162	
-0.0197521	-0.689839	-0.0252996	1.75016	-0.0103299	0.396306	-0.000140109	
-0.0212789	-0.689857	-0.027303	1.75015	-0.0108091	0.396315	-0.000140052	
-0.0228052	-0.689874	-0.0293056	1.75014	-0.0112881	0.396324	-0.000139992	
-0.0243309	-0.689893	-0.0313076	1.75013	-0.011767	0.396332	-0.000139928	
-0.025856	-0.689913	-0.0333087	1.75012	-0.0122457	0.396341	-0.00013986	
-0.0273804	-0.689933	-0.035309	1.75011	-0.0127242	0.39635	-0.000139788	
-0.0289042	-0.689954	-0.0373084	1.75009	-0.0132025	0.39636	-0.000139713	
-0.0304272	-0.689976	-0.0393069	1.75008	-0.0136805	0.396369	-0.000139633	
-0.0319495	-0.689999	-0.0413044	1.75006	-0.0141584	0.396378	-0.000139551	
-0.0334711	-0.690022	-0.0433008	1.75005	-0.014636	0.396388	-0.000139464	
-0.0349917	-0.690047	-0.0452961	1.75003	-0.0151133	0.396398	-0.000139374	
-0.0365116	-0.690072	-0.0472903	1.75001	-0.0155904	0.396408	-0.00013928	
-0.0380305	-0.690098	-0.0492833	1.75	-0.0160671	0.396418	-0.000139182	
-0.0395485	-0.690125	-0.051275	1.74998	-0.0165436	0.396428	-0.000139081	
-0.0410655	-0.690152	-0.0532655	1.74996	-0.0170198	0.396438	-0.000138977	
-0.0425814	-0.69018	-0.0552546	1.74994	-0.0174957	0.396448	-0.000138868	
-0.0440964	-0.690209	-0.0572423	1.74992	-0.0179713	0.396459	-0.000138756	
-0.0456102	-0.690239	-0.0592286	1.74989	-0.0184465	0.396469	-0.000138641	
-0.047123	-0.69027	-0.0612134	1.74987	-0.0189214	0.39648	-0.000138522	
-0.0486345	-0.690302	-0.0631967	1.74985	-0.0193959	0.396491	-0.0001384	
-0.0501449	-0.690334	-0.0651785	1.74982	-0.01987	0.396502	-0.000138274	
-0.0516541	-0.690367	-0.0671586	1.7498	-0.0203438	0.396513	-0.000138144	
-0.053162	-0.690401	-0.069137	1.74977	-0.0208172	0.396524	-0.000138011	
-0.0546685	-0.690435	-0.0711137	1.74975	-0.0212902	0.396535	-0.000137875	
-0.0561738	-0.69047	-0.0730887	1.74972	-0.0217627	0.396546	-0.000137735	
-0.0576777	-0.690507	-0.0750618	1.74969	-0.0222348	0.396558	-0.000137592	
-0.0591802	-0.690543	-0.0770331	1.74966	-0.0227065	0.396569	-0.000137446	
-0.0606812	-0.690581	-0.0790025	1.74963	-0.0231778	0.396581	-0.000137296	
-0.0621808	-0.690619	-0.0809699	1.7496	-0.0236486	0.396593	-0.000137143	
-0.0636788	-0.690658	-0.0829354	1.74957	-0.0241189	0.396605	-0.000136987	
-0.0651753	-0.690698	-0.0848988	1.74954	-0.0245887	0.396617	-0.000136827	
-0.0666703	-0.690739	-0.0868602	1.74951	-0.0250581	0.396629	-0.000136664	
-0.0681636	-0.69078	-0.0888194	1.74947	-0.025527	0.396642	-0.000136498	
-0.0696553	-0.690822	-0.0907765	1.74944	-0.0259953	0.396654	-0.000136329	
-0.0711453	-0.690865	-0.0927314	1.7494	-0.0264631	0.396666	-0.000136157	
-0.0726336	-0.690909	-0.094684	1.74937	-0.0269304	0.396679	-0.000135981	
-0.0741202	-0.690953	-0.0966343	1.74933	-0.0273972	0.396692	-0.000135803	
-0.075605	-0.690998	-0.0985823	1.7493	-0.0278634	0.396704	-0.000135621	
-0.077088	-0.691044	-0.100528	1.74926	-0.028329	0.396717	-0.000135437	
-0.0785691	-0.69109	-0.102471	1.74922	-0.0287941	0.39673	-0.000135249	
-0.0800484	-0.691137	-0.104412	1.74918	-0.0292586	0.396744	-0.000135058	
-0.0815258	-0.691185	-0.10635	1.74914	-0.0297225	0.396757	-0.000134865	
-0.0830013	-0.691234	-0.108286	1.7491	-0.0301858	0.39677	-0.000134668	
-0.0844748	-0.691283	-0.110219	1.74906	-0.0306485	0.396783	-0.000134469	
-0.0859463	-0.691333	-0.112149	1.74902	-0.0311106	0.396797	-0.000134267	
-0.0874158	-0.691384	-0.114077	1.74898	-0.0315721	0.396811	-0.000134062	
-0.0888832	-0.691435	-0.116002	1.74893	-0.0320329	0.396824	-0.000133854	
-0.0903486	-0.691487	-0.117925	1.74889	-0.032493	0.396838	-0.000133644	
-0.0918119	-0.69154	-0.119844	1.74884	-0.0329525	0.396852	-0.00013343	
-0.093273	-0.691593	-0.121761	1.7488	-0.0334114	0.396866	-0.000133214	
-0.094732	-0.691647	-0.123675	1.74875	-0.0338696	0.39688	-0.000132996	
-0.0961887	-0.691702	-0.125586	1.74871	-0.034327	0.396894	-0.000132775	
-0.0976433	-0.691757	-0.127494	1.74866	-0.0347838	0.396908	-0.000132551	
-0.0990956	-0.691814	-0.1294	1.74861	-0.0352399	0.396923	-0.000132324	
-0.100546	-0.69187	-0.131302	1.74856	-0.0356953	0.396937	-0.000132096	
-0.101993	-0.691928	-0.133201	1.74851	-0.03615	0.396952	-0.000131864	
-0.103439	-0.691986	-0.135097	1.74846	-0.036604	0.396966	-0.00013163	
-0.104882	-0.692044	-0.13699	1.74841	-0.0370572	0.396981	-0.000131394	
-0.106322	-0.692104	-0.13888	1.74836	-0.0375096	0.396996	-0.000131156	
-0.107761	-0.692164	-0.140766	1.74831	-0.0379614	0.39701	-0.000130915	
-0.109197	-0.692224	-0.14265	1.74826	-0.0384123	0.397025	-0.000130671	
-0.11063	-0.692285	-0.14453	1.74821	-0.0388625	0.39704	-0.000130426	
-0.112061	-0.692347	-0.146407	1.74815	-0.0393119	0.397055	-0.000130178	
-0.113489	-0.69241	-0.148281	1.7481	-0.0397606	0.39707	-0.000129928	
-0.114915	-0.692473	-0.150151	1.74804	-0.0402084	0.397086	-0.000129676	
-0.116338	-0.692536	-0.152018	1.74799	-0.0406555	0.397101	-0.000129421	
-0.117759	-0.692601	-0.153882	1.74793	-0.0411018	0.397116	-0.000129165	
-0.119177	-0.692665	-0.155742	1.74788	-0.0415472	0.397132	-0.000128907	
-0.120593	-0.692731	-0.157598	1.74782	-0.0419918	0.397147	-0.000128646	
-0.122005	-0.692797	-0.159452	1.74776	-0.0424356	0.397163	-0.000128384	
-0.123415	-0.692863	-0.161301	1.7477	-0.0428786	0.397178	-0.000128119	
-0.124823	-0.692931	-0.163147	1.74764	-0.0433207	0.397194	-0.000127853	
-0.126228	-0.692998	-0.16499	1.74758	-0.043762	0.39721	-0.000127584	
-0.12763	-0.693067	-0.166829	1.74752	-0.0442024	0.397226	-0.000127314	
-0.129029	-0.693136	-0.168664	1.74746	-0.044642	0.397242	-0.000127042	
-0.130425	-0.693205	-0.170496	1.7474	-0.0450807	0.397258	-0.000126768	
-0.131819	-0.693275	-0.172324	1.74734	-0.0455185	0.397274	-0.000126493	
-0.13321	-0.693345	-0.174148	1.74728	-0.0459555	0.39729	-0.000126216	
-0.134598	-0.693417	-0.175969	1.74722	-0.0463915	0.397306	-0.000125937	
-0.135983	-0.693488	-0.177785	1.74715	-0.0468267	0.397322	-0.000125656	
-0.137365	-0.69356	-0.179598	1.74709	-0.047261	0.397338	-0.000125374	
-0.138745	-0.693633	-0.181407	1.74702	-0.0476944	0.397355	-0.000125091	
-0.140121	-0.693706	-0.183213	1.74696	-0.0481268	0.397371	-0.000124805	
-0.141495	-0.69378	-0.185014	1.74689	-0.0485584	0.397387	-0.000124519	
-0.142866	-0.693854	-0.186812	1.74683	-0.048989	0.397404	-0.00012423	
-0.144233	-0.693929	-0.188606	1.74676	-0.0494187	0.39742	-0.000123941	
-0.145598	-0.694004	-0.190395	1.74669	-0.0498475	0.397437	-0.00012365	
-0.14696	-0.69408	-0.192181	1.74663	-0.0502754	0.397454	-0.000123357	
-0.146819	-0.694071	-0.191997	1.74664	-0.0502312	0.397453	-0.000123354	
