0.320438	-0.00175206	0.876357	-0.00341232	-0.999994	-0.000712774	-0.00528723	0.00073081	-0.999986	0.99998	-0.0034085	-0.0052897	
0.32181	-0.00354075	0.87412	-0.0068755	-0.999975	-0.00144223	-0.011368	0.00152033	-0.999934	0.999912	-0.00685865	-0.0113782	
0.323163	-0.00534282	0.871877	-0.0103553	-0.999944	-0.00217471	-0.0174454	0.00235516	-0.999845	0.999794	-0.0103158	-0.0174689	
0.324497	-0.00714909	0.869627	-0.0138386	-0.9999	-0.0029045	-0.0235192	0.00322948	-0.999718	0.999628	-0.0137664	-0.0235615	
0.325812	-0.00895586	0.867373	-0.01732	-0.999843	-0.00362894	-0.0295889	0.00414045	-0.999554	0.999412	-0.0172049	-0.0296559	
0.327108	-0.0107615	0.865112	-0.0207977	-0.999774	-0.00434649	-0.035654	0.00508634	-0.999351	0.999148	-0.0206292	-0.0357517	
0.328385	-0.0125653	0.862847	-0.0242707	-0.999693	-0.00505607	-0.0417143	0.00606588	-0.999111	0.998835	-0.0240383	-0.0418487	
0.329644	-0.0143667	0.860575	-0.0277389	-0.999599	-0.00575669	-0.0477693	0.00707789	-0.998833	0.998473	-0.0274315	-0.0479465	
0.330441	-0.0161642	0.859196	-0.0312034	-0.999492	-0.00645824	-0.051188	0.00805089	-0.998657	0.998201	-0.0308309	-0.0514132	
0.330369	-0.0179593	0.859183	-0.0346717	-0.999373	-0.0071802	-0.0511569	0.00894982	-0.998651	0.998089	-0.0342576	-0.0514351	
0.330281	-0.0197616	0.859184	-0.0381512	-0.999241	-0.00790675	-0.0510847	0.00985247	-0.998646	0.997965	-0.0376956	-0.0514218	
0.330185	-0.0215665	0.859185	-0.0416345	-0.999096	-0.008635	-0.0510052	0.0107566	-0.99864	0.99783	-0.0411374	-0.0514069	
0.33008	-0.0233718	0.859186	-0.0451184	-0.998938	-0.00936375	-0.0509186	0.0116607	-0.998635	0.997683	-0.04458	-0.0513906	
0.329967	-0.0251766	0.859188	-0.0486015	-0.998767	-0.0100925	-0.0508251	0.0125644	-0.998629	0.997524	-0.0480219	-0.0513731	
0.329846	-0.0269805	0.859189	-0.0520832	-0.998584	-0.0108211	-0.0507248	0.0134672	-0.998622	0.997354	-0.0514626	-0.0513543	
0.329717	-0.0287833	0.859191	-0.0555632	-0.998388	-0.0115494	-0.0506175	0.0143691	-0.998615	0.997171	-0.0549017	-0.0513343	
0.329579	-0.0305847	0.859192	-0.0590413	-0.99818	-0.0122774	-0.0505033	0.0152698	-0.998607	0.996977	-0.058339	-0.051313	
0.329433	-0.0323848	0.859194	-0.0625173	-0.997959	-0.0130049	-0.0503823	0.0161695	-0.998599	0.996771	-0.0617745	-0.0512904	
0.32928	-0.0341834	0.859196	-0.065991	-0.997726	-0.013732	-0.0502545	0.0170679	-0.998591	0.996554	-0.0652079	-0.0512665	
0.329118	-0.0359804	0.859197	-0.0694623	-0.99748	-0.0144587	-0.0501199	0.0179649	-0.998582	0.996325	-0.0686391	-0.0512414	
0.328948	-0.0377757	0.859199	-0.0729311	-0.997221	-0.0151849	-0.0499784	0.0188606	-0.998572	0.996084	-0.0720681	-0.0512151	
0.32877	-0.0395693	0.859201	-0.0763973	-0.996951	-0.0159106	-0.0498302	0.0197548	-0.998562	0.995832	-0.0754947	-0.0511875	
0.328584	-0.0413611	0.859203	-0.0798607	-0.996667	-0.0166357	-0.0496753	0.0206475	-0.998552	0.995567	-0.0789187	-0.0511586	
0.32839	-0.0431509	0.859206	-0.0833213	-0.996372	-0.0173603	-0.0495136	0.0215386	-0.998541	0.995292	-0.0823401	-0.0511286	
0.328188	-0.0449387	0.859208	-0.0867788	-0.996063	-0.0180843	-0.0493452	0.0224281	-0.99853	0.995005	-0.0857588	-0.0510973	
0.327978	-0.0467245	0.85921	-0.0902331	-0.995743	-0.0188076	-0.0491702	0.0233158	-0.998518	0.994706	-0.0891746	-0.0510647	
0.32776	-0.0485081	0.859213	-0.0936842	-0.99541	-0.0195303	-0.0489885	0.0242017	-0.998506	0.994396	-0.0925875	-0.051031	
0.327535	-0.0502895	0.859215	-0.0971319	-0.995065	-0.0202524	-0.0488002	0.0250857	-0.998493	0.994074	-0.0959973	-0.050996	
0.327301	-0.0520685	0.859218	-0.100576	-0.994708	-0.0209737	-0.0486053	0.0259678	-0.99848	0.993741	-0.0994038	-0.0509598	
0.327059	-0.0538451	0.85922	-0.104017	-0.994339	-0.0216943	-0.0484038	0.0268478	-0.998467	0.993397	-0.102807	-0.0509224	
0.32681	-0.0556193	0.859223	-0.107453	-0.993957	-0.0224142	-0.0481958	0.0277258	-0.998453	0.993041	-0.106207	-0.0508838	
0.326553	-0.0573909	0.859226	-0.110886	-0.993564	-0.0231333	-0.0479813	0.0286017	-0.998439	0.992674	-0.109603	-0.050844	
0.326288	-0.0591598	0.859229	-0.114315	-0.993158	-0.0238515	-0.0477603	0.0294754	-0.998424	0.992296	-0.112996	-0.0508031	
0.326015	-0.060926	0.859232	-0.11774	-0.99274	-0.024569	-0.047533	0.0303467	-0.998409	0.991906	-0.116385	-0.0507609	
0.325735	-0.0626894	0.859235	-0.121161	-0.992311	-0.0252856	-0.0472992	0.0312158	-0.998393	0.991505	-0.11977	-0.0507176	
0.325447	-0.0644499	0.859238	-0.124577	-0.991869	-0.0260013	-0.047059	0.0320824	-0.998377	0.991093	-0.123151	-0.0506731	
0.325151	-0.0662074	0.859241	-0.127988	-0.991416	-0.0267161	-0.0468125	0.0329466	-0.99836	0.99067	-0.126528	-0.0506275	
0.324848	-0.067962	0.859244	-0.131396	-0.99095	-0.02743	-0.0465598	0.0338082	-0.998343	0.990236	-0.129901	-0.0505807	
0.324537	-0.0697134	0.859248	-0.134798	-0.990473	-0.0281429	-0.0463008	0.0346673	-0.998326	0.989791	-0.133269	-0.0505328	
0.324219	-0.0714616	0.859251	-0.138196	-0.989985	-0.0288548	-0.0460356	0.0355237	-0.998308	0.989334	-0.136633	-0.0504837	
0.323893	-0.0732065	0.859254	-0.141588	-0.989484	-0.0295657	-0.0457642	0.0363773	-0.99829	0.988867	-0.139993	-0.0504335	
0.32356	-0.0749481	0.859258	-0.144976	-0.988972	-0.0302756	-0.0454866	0.0372282	-0.998271	0.988389	-0.143348	-0.0503822	
0.323219	-0.0766863	0.859262	-0.148358	-0.988448	-0.0309844	-0.045203	0.0380763	-0.998252	0.9879	-0.146698	-0.0503298	
0.322871	-0.078421	0.859265	-0.151735	-0.987913	-0.0316921	-0.0449134	0.0389215	-0.998232	0.9874	-0.150044	-0.0502763	
0.322515	-0.0801522	0.859269	-0.155107	-0.987366	-0.0323987	-0.0446177	0.0397637	-0.998212	0.98689	-0.153384	-0.0502217	
0.322153	-0.0818797	0.859273	-0.158473	-0.986808	-0.0331042	-0.0443161	0.0406029	-0.998192	0.986368	-0.15672	-0.050166	
0.321783	-0.0836035	0.859277	-0.161834	-0.986239	-0.0338085	-0.0440086	0.041439	-0.998171	0.985836	-0.16005	-0.0501092	
0.321405	-0.0853236	0.859281	-0.165189	-0.985658	-0.0345116	-0.0436952	0.042272	-0.99815	0.985294	-0.163376	-0.0500514	
0.321021	-0.0870398	0.859284	-0.168538	-0.985066	-0.0352135	-0.043376	0.0431018	-0.998129	0.98474	-0.166695	-0.0499925	
0.32063	-0.0887521	0.859289	-0.171881	-0.984463	-0.0359142	-0.043051	0.0439284	-0.998107	0.984176	-0.17001	-0.0499326	
0.320231	-0.0904604	0.859293	-0.175219	-0.983848	-0.0366137	-0.0427202	0.0447517	-0.998084	0.983602	-0.173319	-0.0498716	
0.319825	-0.0921646	0.859297	-0.17855	-0.983223	-0.0373118	-0.0423838	0.0455716	-0.998062	0.983018	-0.176622	-0.0498096	
0.319413	-0.0938648	0.859301	-0.181875	-0.982587	-0.0380086	-0.0420418	0.0463882	-0.998038	0.982423	-0.17992	-0.0497466	
0.318993	-0.0955607	0.859305	-0.185193	-0.98194	-0.0387041	-0.0416942	0.0472013	-0.998015	0.981817	-0.183212	-0.0496825	
0.318567	-0.0972524	0.85931	-0.188505	-0.981282	-0.0393983	-0.0413411	0.0480108	-0.997991	0.981202	-0.186498	-0.0496175	
0.318134	-0.0989398	0.859314	-0.191811	-0.980613	-0.040091	-0.0409824	0.0488168	-0.997967	0.980576	-0.189778	-0.0495515	
0.317694	-0.100623	0.859318	-0.19511	-0.979933	-0.0407824	-0.0406184	0.0496192	-0.997942	0.97994	-0.193052	-0.0494845	
0.317247	-0.102301	0.859323	-0.198402	-0.979243	-0.0414724	-0.040249	0.050418	-0.997917	0.979294	-0.19632	-0.0494166	
0.316793	-0.103975	0.859327	-0.201688	-0.978542	-0.0421609	-0.0398742	0.051213	-0.997891	0.978638	-0.199581	-0.0493476	
0.316333	-0.105645	0.859332	-0.204966	-0.977831	-0.0428479	-0.0394942	0.0520043	-0.997866	0.977972	-0.202836	-0.0492778	
0.315867	-0.10731	0.859337	-0.208238	-0.977109	-0.0435334	-0.039109	0.0527918	-0.997839	0.977296	-0.206085	-0.049207	
0.315393	-0.10897	0.859341	-0.211502	-0.976377	-0.0442175	-0.0387186	0.0535754	-0.997813	0.97661	-0.209327	-0.0491353	
0.314914	-0.110625	0.859346	-0.214759	-0.975634	-0.0448999	-0.0383231	0.0543552	-0.997786	0.975915	-0.212563	-0.0490626	
0.314427	-0.112276	0.859351	-0.218009	-0.974882	-0.0455809	-0.0379226	0.055131	-0.997759	0.97521	-0.215792	-0.0489891	
0.313935	-0.113922	0.859355	-0.221252	-0.974119	-0.0462602	-0.0375171	0.0559028	-0.997731	0.974495	-0.219014	-0.0489147	
0.313436	-0.115562	0.85936	-0.224487	-0.973346	-0.046938	-0.0371066	0.0566706	-0.997703	0.97377	-0.22223	-0.0488394	
0.312931	-0.117198	0.859365	-0.227715	-0.972563	-0.0476141	-0.0366912	0.0574343	-0.997675	0.973036	-0.225438	-0.0487632	
0.312419	-0.118829	0.85937	-0.230935	-0.97177	-0.0482885	-0.0362711	0.0581939	-0.997646	0.972293	-0.22864	-0.0486862	
0.311902	-0.120455	0.859375	-0.234147	-0.970968	-0.0489613	-0.0358461	0.0589494	-0.997617	0.97154	-0.231834	-0.0486083	
0.311378	-0.122075	0.85938	-0.237352	-0.970155	-0.0496325	-0.0354165	0.0597007	-0.997588	0.970778	-0.235021	-0.0485295	
0.310848	-0.123691	0.859385	-0.240548	-0.969333	-0.0503019	-0.0349822	0.0604477	-0.997558	0.970007	-0.238201	-0.04845	
0.310313	-0.125301	0.85939	-0.243737	-0.968501	-0.0509695	-0.0345433	0.0611905	-0.997528	0.969226	-0.241374	-0.0483696	
0.309771	-0.126906	0.859395	-0.246918	-0.96766	-0.0516355	-0.0340999	0.0619289	-0.997498	0.968436	-0.244539	-0.0482885	
0.309223	-0.128505	0.8594	-0.25009	-0.966809	-0.0522996	-0.0336521	0.0626631	-0.997467	0.967638	-0.247697	-0.0482065	
0.30867	-0.130099	0.859405	-0.253255	-0.965949	-0.052962	-0.0331998	0.0633928	-0.997436	0.96683	-0.250847	-0.0481238	
0.308111	-0.131688	0.859411	-0.256411	-0.965079	-0.0536225	-0.0327431	0.0641181	-0.997405	0.966013	-0.25399	-0.0480403	
0.307546	-0.133271	0.859416	-0.259559	-0.964201	-0.0542813	-0.0322822	0.064839	-0.997373	0.965188	-0.257125	-0.0479561	
0.306976	-0.134848	0.859421	-0.262698	-0.963313	-0.0549381	-0.0318171	0.0655554	-0.997342	0.964353	-0.260252	-0.0478711	
0.306399	-0.13642	0.859426	-0.265829	-0.962416	-0.0555931	-0.0313478	0.0662673	-0.997309	0.96351	-0.263371	-0.0477854	
0.305818	-0.137986	0.859431	-0.268952	-0.96151	-0.0562462	-0.0308743	0.0669746	-0.997277	0.962659	-0.266483	-0.0476989	
0.305231	-0.139547	0.859437	-0.272066	-0.960595	-0.0568975	-0.0303969	0.0676774	-0.997244	0.961799	-0.269586	-0.0476118	
0.304638	-0.141102	0.859442	-0.275171	-0.959672	-0.0575467	-0.0299154	0.0683756	-0.997211	0.96093	-0.272682	-0.0475239	
0.30404	-0.142651	0.859447	-0.278267	-0.958739	-0.0581941	-0.0294301	0.0690691	-0.997178	0.960053	-0.275769	-0.0474354	
0.303437	-0.144194	0.859453	-0.281355	-0.957798	-0.0588394	-0.0289408	0.0697579	-0.997144	0.959167	-0.278848	-0.0473462	
0.302829	-0.145732	0.859458	-0.284434	-0.956849	-0.0594828	-0.0284478	0.0704421	-0.99711	0.958274	-0.28192	-0.0472564	
0.302215	-0.147263	0.859464	-0.287504	-0.955891	-0.0601242	-0.0279511	0.0711216	-0.997076	0.957372	-0.284982	-0.0471659	
0.301596	-0.148789	0.859469	-0.290565	-0.954924	-0.0607636	-0.0274506	0.0717963	-0.997042	0.956462	-0.288037	-0.0470747	
0.300972	-0.150308	0.859474	-0.293616	-0.953949	-0.0614009	-0.0269466	0.0724662	-0.997007	0.955543	-0.291083	-0.046983	
0.300344	-0.151822	0.85948	-0.296659	-0.952966	-0.0620362	-0.026439	0.0731313	-0.996972	0.954617	-0.294121	-0.0468906	
0.29971	-0.15333	0.859485	-0.299693	-0.951975	-0.0626694	-0.025928	0.0737917	-0.996937	0.953683	-0.29715	-0.0467976	
0.299071	-0.154831	0.859491	-0.302717	-0.950976	-0.0633005	-0.0254135	0.0744472	-0.996901	0.952742	-0.30017	-0.0467041	
0.298428	-0.156326	0.859496	-0.305732	-0.949969	-0.0639295	-0.0248957	0.0750978	-0.996865	0.951792	-0.303182	-0.0466099	
0.29778	-0.157815	0.859502	-0.308738	-0.948954	-0.0645565	-0.0243745	0.0757435	-0.996829	0.950835	-0.306186	-0.0465152	
0.297128	-0.159297	0.859507	-0.311729	-0.947933	-0.0651812	-0.0238506	0.0763843	-0.996793	0.949872	-0.309175	-0.04642	
0.296472	-0.160772	0.859513	-0.31471	-0.946904	-0.0658048	-0.0233232	0.0770209	-0.996757	0.948901	-0.312155	-0.0463241	
0.29581	-0.162242	0.859518	-0.317681	-0.945868	-0.0664272	-0.0227925	0.0776536	-0.99672	0.947924	-0.315124	-0.0462277	
0.295145	-0.163706	0.859524	-0.32064	-0.944825	-0.0670484	-0.0222584	0.0782822	-0.996683	0.946939	-0.318084	-0.0461307	
0.294474	-0.165165	0.859529	-0.32359	-0.943775	-0.0676684	-0.0217211	0.0789067	-0.996645	0.945948	-0.321034	-0.0460332	
0.2938	-0.166618	0.859534	-0.326528	-0.942717	-0.0682873	-0.0211805	0.0795272	-0.996608	0.94495	-0.323974	-0.0459351	
0.293121	-0.168065	0.85954	-0.329457	-0.941653	-0.0689049	-0.0206367	0.0801436	-0.99657	0.943945	-0.326905	-0.0458365	
0.29316	-0.167984	0.859538	-0.329293	-0.941713	-0.0688703	-0.0206716	0.0801106	-0.996572	0.944001	-0.326741	-0.0458466	
0.293158	-0.167989	0.859538	-0.329303	-0.941709	-0.0688722	-0.0206694	0.0801124	-0.996572	0.943998	-0.32675	-0.0458458	
0.293158	-0.167988	0.859538	-0.329302	-0.941709	-0.0688721	-0.0206696	0.0801123	-0.996572	0.943998	-0.32675	-0.0458459	
0.293158	-0.167988	0.859538	-0.329302	-0.941709	-0.0688721	-0.0206696	0.0801123	-0.996572	0.943998	-0.32675	-0.0458459	
0.293158	-0.167988	0.859538	-0.329302	-0.941709	-0.0688721	-0.0206696	0.0801123	-0.996572	0.943998	-0.32675	-0.0458459	
0.293158	-0.167988	0.859538	-0.329302	-0.941709	-0.0688721	-0.0206696	0.0801123	-0.996572	0.943998	-0.32675	-0.0458459	
0.293158	-0.167988	0.859538	-0.329302	-0.941709	-0.0688721	-0.0206696	0.0801123	-0.996572	0.943998	-0.32675	-0.0458459	
0.293158	-0.167988	0.859538	-0.329302	-0.941709	-0.0688721	-0.0206696	0.0801123	-0.996572	0.943998	-0.32675	-0.0458459	
0.293158	-0.167988	0.859538	-0.329302	-0.941709	-0.0688721	-0.0206696	0.0801123	-0.996572	0.943998	-0.32675	-0.0458459	
0.293158	-0.167988	0.859538	-0.329302	-0.941709	-0.0688721	-0.0206696	0.0801123	-0.996572	0.943998	-0.32675	-0.0458459	
0.293158	-0.167988	0.859538	-0.329302	-0.941709	-0.0688721	-0.0206696	0.0801123	-0.996572	0.943998	-0.32675	-0.0458459	
0.293158	-0.167988	0.859538	-0.329302	-0.941709	-0.0688721	-0.0206696	0.0801123	-0.996572	0.943998	-0.32675	-0.0458459	
0.293158	-0.167988	0.859538	-0.329302	-0.941709	-0.0688721	-0.0206696	0.0801123	-0.996572	0.943998	-0.32675	-0.0458459	
0.293158	-0.167988	0.859538	-0.329302	-0.941709	-0.0688721	-0.0206696	0.0801123	-0.996572	0.943998	-0.32675	-0.0458459	
0.293158	-0.167988	0.859538	-0.329302	-0.941709	-0.0688721	-0.0206696	0.0801123	-0.996572	0.943998	-0.32675	-0.0458459	
0.293158	-0.167988	0.859538	-0.329302	-0.941709	-0.0688721	-0.0206696	0.0801123	-0.996572	0.943998	-0.32675	-0.0458459	
0.293158	-0.167988	0.859538	-0.329302	-0.941709	-0.0688721	-0.0206696	0.0801123	-0.996572	0.943998	-0.32675	-0.0458459	
0.293158	-0.167988	0.859538	-0.329302	-0.941709	-0.0688721	-0.0206696	0.0801123	-0.996572	0.943998	-0.32675	-0.0458459	
0.293158	-0.167988	0.859538	-0.329302	-0.941709	-0.0688721	-0.0206696	0.0801123	-0.996572	0.943998	-0.32675	-0.0458459	
0.293158	-0.167988	0.859538	-0.329302	-0.941709	-0.0688721	-0.0206696	0.0801123	-0.996572	0.943998	-0.32675	-0.0458459	
0.293158	-0.167988	0.859538	-0.329302	-0.941709	-0.0688721	-0.0206696	0.0801123	-0.996572	0.943998	-0.32675	-0.0458459	
0.293158	-0.167988	0.859538	-0.329302	-0.941709	-0.0688721	-0.0206696	0.0801123	-0.996572	0.943998	-0.32675	-0.0458459	
0.293158	-0.167988	0.859538	-0.329302	-0.941709	-0.0688721	-0.0206696	0.0801123	-0.996572	0.943998	-0.32675	-0.0458459	
0.293158	-0.167988	0.859538	-0.329302	-0.941709	-0.0688721	-0.0206696	0.0801123	-0.996572	0.943998	-0.32675	-0.0458459	
0.293158	-0.167988	0.859538	-0.329302	-0.941709	-0.0688721	-0.0206696	0.0801123	-0.996572	0.943998	-0.32675	-0.0458459	
0.293158	-0.167988	0.859538	-0.329302	-0.941709	-0.0688721	-0.0206696	0.0801123	-0.996572	0.943998	-0.32675	-0.0458459	
0.293158	-0.167988	0.859538	-0.329302	-0.941709	-0.0688721	-0.0206696	0.0801123	-0.996572	0.943998	-0.32675	-0.0458459	
0.293158	-0.167988	0.859538	-0.329302	-0.941709	-0.0688721	-0.0206696	0.0801123	-0.996572	0.943998	-0.32675	-0.0458459	
0.293158	-0.167988	0.859538	-0.329302	-0.941709	-0.0688721	-0.0206696	0.0801123	-0.996572	0.943998	-0.32675	-0.0458459	
0.293158	-0.167988	0.859538	-0.329302	-0.941709	-0.0688721	-0.0206696	0.0801123	-0.996572	0.943998	-0.32675	-0.0458459	
0.293158	-0.167988	0.859538	-0.329302	-0.941709	-0.0688721	-0.0206696	0.0801123	-0.996572	0.943998	-0.32675	-0.0458459	
0.293158	-0.167988	0.859538	-0.329302	-0.941709	-0.0688721	-0.0206696	0.0801123	-0.996572	0.943998	-0.32675	-0.0458459	
0.293158	-0.167988	0.859538	-0.329302	-0.941709	-0.0688721	-0.0206696	0.0801123	-0.996572	0.943998	-0.32675	-0.0458459	
0.293158	-0.167988	0.859538	-0.329302	-0.941709	-0.0688721	-0.0206696	0.0801123	-0.996572	0.943998	-0.32675	-0.0458459	
0.293158	-0.167988	0.859538	-0.329302	-0.941709	-0.0688721	-0.0206696	0.0801123	-0.996572	0.943998	-0.32675	-0.0458459	
0.293158	-0.167988	0.859538	-0.329302	-0.941709	-0.0688721	-0.0206696	0.0801123	-0.996572	0.943998	-0.32675	-0.0458459	
0.293158	-0.167988	0.859538	-0.329302	-0.941709	-0.0688721	-0.0206696	0.0801123	-0.996572	0.943998	-0.32675	-0.0458459	
0.293158	-0.167988	0.859538	-0.329302	-0.941709	-0.0688721	-0.0206696	0.0801123	-0.996572	0.943998	-0.32675	-0.0458459	
0.293158	-0.167988	0.859538	-0.329302	-0.941709	-0.0688721	-0.0206696	0.0801123	-0.996572	0.943998	-0.32675	-0.0458459	
0.293158	-0.167988	0.859538	-0.329302	-0.941709	-0.0688721	-0.0206696	0.0801123	-0.996572	0.943998	-0.32675	-0.0458459	
0.293158	-0.167988	0.859538	-0.329302	-0.941709	-0.0688721	-0.0206696	0.0801123	-0.996572	0.943998	-0.32675	-0.0458459	
0.293158	-0.167988	0.859538	-0.329302	-0.941709	-0.0688721	-0.0206696	0.0801123	-0.996572	0.943998	-0.32675	-0.0458459	
0.293158	-0.167988	0.859538	-0.329302	-0.941709	-0.0688721	-0.0206696	0.0801123	-0.996572	0.943998	-0.32675	-0.0458459	
0.293158	-0.167988	0.859538	-0.329302	-0.941709	-0.0688721	-0.0206696	0.0801123	-0.996572	0.943998	-0.32675	-0.0458459	
0.293158	-0.167988	0.859538	-0.329302	-0.941709	-0.0688721	-0.0206696	0.0801123	-0.996572	0.943998	-0.32675	-0.0458459	
0.293158	-0.167988	0.859538	-0.329302	-0.941709	-0.0688721	-0.0206696	0.0801123	-0.996572	0.943998	-0.32675	-0.0458459	
0.293158	-0.167988	0.859538	-0.329302	-0.941709	-0.0688721	-0.0206696	0.0801123	-0.996572	0.943998	-0.32675	-0.0458459	
0.293158	-0.167988	0.859538	-0.329302	-0.941709	-0.0688721	-0.0206696	0.0801123	-0.996572	0.943998	-0.32675	-0.0458459	
0.293158	-0.167988	0.859538	-0.329302	-0.941709	-0.0688721	-0.0206696	0.0801123	-0.996572	0.943998	-0.32675	-0.0458459	
0.293158	-0.167988	0.859538	-0.329302	-0.941709	-0.0688721	-0.0206696	0.0801123	-0.996572	0.943998	-0.32675	-0.0458459	
0.293158	-0.167988	0.859538	-0.329302	-0.941709	-0.0688721	-0.0206696	0.0801123	-0.996572	0.943998	-0.32675	-0.0458459	
0.293158	-0.167988	0.859538	-0.329302	-0.941709	-0.0688721	-0.0206696	0.0801123	-0.996572	0.943998	-0.32675	-0.0458459	
0.293158	-0.167988	0.859538	-0.329302	-0.941709	-0.0688721	-0.0206696	0.0801123	-0.996572	0.943998	-0.32675	-0.0458459	
0.293158	-0.167988	0.859538	-0.329302	-0.941709	-0.0688721	-0.0206696	0.0801123	-0.996572	0.943998	-0.32675	-0.0458459	
0.293158	-0.167988	0.859538	-0.329302	-0.941709	-0.0688721	-0.0206696	0.0801123	-0.996572	0.943998	-0.32675	-0.0458459	
0.293158	-0.167988	0.859538	-0.329302	-0.941709	-0.0688721	-0.0206696	0.0801123	-0.996572	0.943998	-0.32675	-0.0458459	
0.293158	-0.167988	0.859538	-0.329302	-0.941709	-0.0688721	-0.0206696	0.0801123	-0.996572	0.943998	-0.32675	-0.0458459	
0.293158	-0.167988	0.859538	-0.329302	-0.941709	-0.0688721	-0.0206696	0.0801123	-0.996572	0.943998	-0.32675	-0.0458459	
0.293158	-0.167988	0.859538	-0.329302	-0.941709	-0.0688721	-0.0206696	0.0801123	-0.996572	0.943998	-0.32675	-0.0458459	
0.293158	-0.167988	0.859538	-0.329302	-0.941709	-0.0688721	-0.0206696	0.0801123	-0.996572	0.943998	-0.32675	-0.0458459	
0.293158	-0.167988	0.859538	-0.329302	-0.941709	-0.0688721	-0.0206696	0.0801123	-0.996572	0.943998	-0.32675	-0.0458459	
0.293158	-0.167988	0.859538	-0.329302	-0.941709	-0.0688721	-0.0206696	0.0801123	-0.996572	0.943998	-0.32675	-0.0458459	
0.293158	-0.167988	0.859538	-0.329302	-0.941709	-0.0688721	-0.0206696	0.0801123	-0.996572	0.943998	-0.32675	-0.0458459	
0.293158	-0.167988	0.859538	-0.329302	-0.941709	-0.0688721	-0.0206696	0.0801123	-0.996572	0.943998	-0.32675	-0.0458459	
0.293158	-0.167988	0.859538	-0.329302	-0.941709	-0.0688721	-0.0206696	0.0801123	-0.996572	0.943998	-0.32675	-0.0458459	
0.293158	-0.167988	0.859538	-0.329302	-0.941709	-0.0688721	-0.0206696	0.0801123	-0.996572	0.943998	-0.32675	-0.0458459	
0.293158	-0.167988	0.859538	-0.329302	-0.941709	-0.0688721	-0.0206696	0.0801123	-0.996572	0.943998	-0.32675	-0.0458459	
0.293158	-0.167988	0.859538	-0.329302	-0.941709	-0.0688721	-0.0206696	0.0801123	-0.996572	0.943998	-0.32675	-0.0458459	
0.293158	-0.167988	0.859538	-0.329302	-0.941709	-0.0688721	-0.0206696	0.0801123	-0.996572	0.943998	-0.32675	-0.0458459	
0.293158	-0.167988	0.859538	-0.329302	-0.941709	-0.0688721	-0.0206696	0.0801123	-0.996572	0.943998	-0.32675	-0.0458459	
0.293158	-0.167988	0.859538	-0.329302	-0.941709	-0.0688721	-0.0206696	0.0801123	-0.996572	0.943998	-0.32675	-0.0458459	
0.293158	-0.167988	0.859538	-0.329302	-0.941709	-0.0688721	-0.0206696	0.0801123	-0.996572	0.943998	-0.32675	-0.0458459	
0.293158	-0.167988	0.859538	-0.329302	-0.941709	-0.0688721	-0.0206696	0.0801123	-0.996572	0.943998	-0.32675	-0.0458459	
0.293158	-0.167988	0.859538	-0.329302	-0.941709	-0.0688721	-0.0206696	0.0801123	-0.996572	0.943998	-0.32675	-0.0458459	
0.293158	-0.167988	0.859538	-0.329302	-0.941709	-0.0688721	-0.0206696	0.0801123	-0.996572	0.943998	-0.32675	-0.0458459	
0.293158	-0.167988	0.859538	-0.329302	-0.941709	-0.0688721	-0.0206696	0.0801123	-0.996572	0.943998	-0.32675	-0.0458459	
0.293158	-0.167988	0.859538	-0.329302	-0.941709	-0.0688721	-0.0206696	0.0801123	-0.996572	0.943998	-0.32675	-0.0458459	
0.293158	-0.167988	0.859538	-0.329302	-0.941709	-0.0688721	-0.0206696	0.0801123	-0.996572	0.943998	-0.32675	-0.0458459	
0.293158	-0.167988	0.859538	-0.329302	-0.941709	-0.0688721	-0.0206696	0.0801123	-0.996572	0.943998	-0.32675	-0.0458459	
0.293158	-0.167988	0.859538	-0.329302	-0.941709	-0.0688721	-0.0206696	0.0801123	-0.996572	0.943998	-0.32675	-0.0458459	
0.293158	-0.167988	0.859538	-0.329302	-0.941709	-0.0688721	-0.0206696	0.0801123	-0.996572	0.943998	-0.32675	-0.0458459	
0.293158	-0.167988	0.859538	-0.329302	-0.941709	-0.0688721	-0.0206696	0.0801123	-0.996572	0.943998	-0.32675	-0.0458459	
0.293158	-0.167988	0.859538	-0.329302	-0.941709	-0.0688721	-0.0206696	0.0801123	-0.996572	0.943998	-0.32675	-0.0458459	
0.293158	-0.167988	0.859538	-0.329302	-0.941709	-0.0688721	-0.0206696	0.0801123	-0.996572	0.943998	-0.32675	-0.0458459	
0.293158	-0.167988	0.859538	-0.329302	-0.941709	-0.0688721	-0.0206696	0.0801123	-0.996572	0.943998	-0.32675	-0.0458459	
0.293158	-0.167988	0.859538	-0.329302	-0.941709	-0.0688721	-0.0206696	0.0801123	-0.996572	0.943998	-0.32675	-0.0458459	
0.293158	-0.167988	0.859538	-0.329302	-0.941709	-0.0688721	-0.0206696	0.0801123	-0.996572	0.943998	-0.32675	-0.0458459	
0.293158	-0.167988	0.859538	-0.329302	-0.941709	-0.0688721	-0.0206696	0.0801123	-0.996572	0.943998	-0.32675	-0.0458459	
0.293158	-0.167988	0.859538	-0.329302	-0.941709	-0.0688721	-0.0206696	0.0801123	-0.996572	0.943998	-0.32675	-0.0458459	
0.293158	-0.167988	0.859538	-0.329302	-0.941709	-0.0688721	-0.0206696	0.0801123	-0.996572	0.943998	-0.32675	-0.0458459	
0.293158	-0.167988	0.859538	-0.329302	-0.941709	-0.0688721	-0.0206696	0.0801123	-0.996572	0.943998	-0.32675	-0.0458459	
0.293158	-0.167988	0.859538	-0.329302	-0.941709	-0.0688721	-0.0206696	0.0801123	-0.996572	0.943998	-0.32675	-0.0458459	
0.293158	-0.167988	0.859538	-0.329302	-0.941709	-0.0688721	-0.0206696	0.0801123	-0.996572	0.943998	-0.32675	-0.0458459	
0.293158	-0.167988	0.859538	-0.329302	-0.941709	-0.0688721	-0.0206696	0.0801123	-0.996572	0.943998	-0.32675	-0.0458459	
0.293158	-0.167988	0.859538	-0.329302	-0.941709	-0.0688721	-0.0206696	0.0801123	-0.996572	0.943998	-0.32675	-0.0458459	
0.293158	-0.167988	0.859538	-0.329302	-0.941709	-0.0688721	-0.0206696	0.0801123	-0.996572	0.943998	-0.32675	-0.0458459	
0.293158	-0.167988	0.859538	-0.329302	-0.941709	-0.0688721	-0.0206696	0.0801123	-0.996572	0.943998	-0.32675	-0.0458459	
0.293158	-0.167988	0.859538	-0.329302	-0.941709	-0.0688721	-0.0206696	0.0801123	-0.996572	0.943998	-0.32675	-0.0458459	
0.293158	-0.167988	0.859538	-0.329302	-0.941709	-0.0688721	-0.0206696	0.0801123	-0.996572	0.943998	-0.32675	-0.0458459	
0.293158	-0.167988	0.859538	-0.329302	-0.941709	-0.0688721	-0.0206696	0.0801123	-0.996572	0.943998	-0.32675	-0.0458459	
0.293455	-0.166373	0.860201	-0.326158	-0.942846	-0.0682799	-0.0196234	0.0789671	-0.996684	0.945111	-0.323737	-0.0442576	
0.293756	-0.164794	0.860824	-0.323065	-0.943952	-0.0677012	-0.0186526	0.0778744	-0.996789	0.946193	-0.320764	-0.0427657	
0.294043	-0.163223	0.861451	-0.319983	-0.945042	-0.0671269	-0.0176622	0.07679	-0.996891	0.947259	-0.317802	-0.041263	
0.294321	-0.161652	0.862079	-0.3169	-0.946121	-0.0665517	-0.0166614	0.0757107	-0.996991	0.948313	-0.314838	-0.0397564	
0.294592	-0.160078	0.862708	-0.313813	-0.94719	-0.0659738	-0.0156511	0.0746347	-0.997088	0.949356	-0.311866	-0.0382458	
0.294856	-0.1585	0.863337	-0.310718	-0.94825	-0.0653924	-0.0146316	0.0735613	-0.997183	0.950389	-0.308886	-0.0367313	
0.295112	-0.156917	0.863968	-0.307617	-0.949301	-0.0648073	-0.0136031	0.0724906	-0.997276	0.951413	-0.305898	-0.0352128	
0.295362	-0.15533	0.8646	-0.304508	-0.950342	-0.0642184	-0.0125658	0.0714223	-0.997367	0.952427	-0.3029	-0.0336905	
0.295604	-0.153739	0.865233	-0.301392	-0.951375	-0.0636256	-0.0115195	0.0703567	-0.997455	0.953431	-0.299892	-0.0321644	
0.295839	-0.152142	0.865867	-0.298269	-0.952399	-0.063029	-0.0104645	0.0692937	-0.997541	0.954425	-0.296876	-0.0306345	
0.296067	-0.150542	0.866502	-0.295138	-0.953413	-0.0624285	-0.0094006	0.0682335	-0.997625	0.955408	-0.293851	-0.029101	
0.296288	-0.148937	0.867138	-0.292001	-0.954418	-0.0618242	-0.00832794	0.0671762	-0.997706	0.956382	-0.290816	-0.0275638	
0.296502	-0.147328	0.867774	-0.288856	-0.955414	-0.061216	-0.00724651	0.0661218	-0.997785	0.957345	-0.287772	-0.0260231	
0.296708	-0.145714	0.868412	-0.285704	-0.9564	-0.060604	-0.00615634	0.0650704	-0.997862	0.958298	-0.28472	-0.0244788	
0.296907	-0.144096	0.86905	-0.282545	-0.957376	-0.0599882	-0.00505747	0.0640222	-0.997936	0.959241	-0.281659	-0.0229311	
0.297098	-0.142474	0.869689	-0.27938	-0.958344	-0.0593686	-0.00394991	0.0629772	-0.998007	0.960173	-0.278589	-0.0213799	
0.297282	-0.140848	0.870329	-0.276208	-0.959301	-0.0587451	-0.00283371	0.0619355	-0.998076	0.961094	-0.27551	-0.0198254	
0.297459	-0.139218	0.87097	-0.273029	-0.960249	-0.0581179	-0.00170889	0.0608972	-0.998143	0.962004	-0.272423	-0.0182677	
0.297628	-0.137585	0.871611	-0.269844	-0.961187	-0.0574868	-0.000575479	0.0598625	-0.998206	0.962904	-0.269327	-0.0167067	
0.297789	-0.135947	0.872253	-0.266652	-0.962114	-0.056852	0.000566478	0.0588313	-0.998268	0.963793	-0.266223	-0.0151425	
0.297943	-0.134305	0.872896	-0.263455	-0.963033	-0.0562134	0.00171695	0.0578039	-0.998326	0.96467	-0.26311	-0.0135752	
0.298089	-0.13266	0.873539	-0.260251	-0.963941	-0.0555711	0.00287589	0.0567803	-0.998383	0.965537	-0.25999	-0.0120049	
0.298227	-0.131011	0.874183	-0.257041	-0.964838	-0.0549251	0.00404327	0.0557605	-0.998436	0.966392	-0.256861	-0.0104316	
0.298358	-0.129358	0.874827	-0.253825	-0.965726	-0.0542753	0.00521904	0.0547447	-0.998487	0.967236	-0.253724	-0.0088554	
0.29848	-0.127702	0.875472	-0.250603	-0.966604	-0.0536217	0.00640316	0.053733	-0.998535	0.968069	-0.250579	-0.00727633	
0.298595	-0.126043	0.876117	-0.247376	-0.967471	-0.0529645	0.00759559	0.0527255	-0.99858	0.96889	-0.247427	-0.00569448	
0.298702	-0.12438	0.876763	-0.244142	-0.968328	-0.0523036	0.00879628	0.0517222	-0.998623	0.9697	-0.244266	-0.0041099	
0.298801	-0.122714	0.877409	-0.240904	-0.969174	-0.0516391	0.0100052	0.0507233	-0.998663	0.970497	-0.241098	-0.00252267	
0.298893	-0.121045	0.878056	-0.23766	-0.97001	-0.0509708	0.0112222	0.0497288	-0.9987	0.971284	-0.237923	-0.000932844	
0.298976	-0.119372	0.878703	-0.23441	-0.970836	-0.050299	0.0124474	0.0487389	-0.998734	0.972058	-0.23474	0.0006595	
0.299051	-0.117697	0.87935	-0.231156	-0.97165	-0.0496235	0.0136807	0.0477536	-0.998765	0.972821	-0.231549	0.0022543	
0.299118	-0.116018	0.879998	-0.227896	-0.972455	-0.0489444	0.0149219	0.0467731	-0.998794	0.973571	-0.228351	0.00385148	
0.299177	-0.114337	0.880645	-0.224631	-0.973248	-0.0482617	0.0161711	0.0457974	-0.99882	0.97431	-0.225147	0.00545097	
0.299228	-0.112653	0.881293	-0.221362	-0.974031	-0.0475754	0.0174282	0.0448265	-0.998843	0.975036	-0.221935	0.00705271	
0.299271	-0.110966	0.881941	-0.218088	-0.974802	-0.0468856	0.0186931	0.0438607	-0.998863	0.97575	-0.218716	0.00865662	
0.299305	-0.109276	0.88259	-0.214809	-0.975563	-0.0461922	0.0199658	0.0429	-0.99888	0.976452	-0.215491	0.0102626	
0.299332	-0.107584	0.883238	-0.211526	-0.976313	-0.0454954	0.0212463	0.0419445	-0.998894	0.977142	-0.212258	0.0118707	
0.29935	-0.105889	0.883886	-0.208238	-0.977052	-0.044795	0.0225343	0.0409942	-0.998905	0.977819	-0.209019	0.0134807	
0.29936	-0.104192	0.884535	-0.204946	-0.97778	-0.0440912	0.02383	0.0400493	-0.998914	0.978483	-0.205774	0.0150925	
0.299362	-0.102493	0.885183	-0.20165	-0.978496	-0.0433839	0.0251332	0.0391099	-0.998919	0.979135	-0.202522	0.0167062	
0.299355	-0.100791	0.885832	-0.19835	-0.979202	-0.0426732	0.0264438	0.038176	-0.998921	0.979775	-0.199264	0.0183217	
0.29934	-0.0990869	0.88648	-0.195046	-0.979896	-0.041959	0.0277619	0.0372477	-0.99892	0.980401	-0.196	0.0199388	
0.299317	-0.097381	0.887128	-0.191738	-0.980579	-0.0412415	0.0290872	0.0363252	-0.998917	0.981015	-0.19273	0.0215574	
0.299285	-0.095673	0.887776	-0.188427	-0.981251	-0.0405206	0.0304199	0.0354084	-0.99891	0.981616	-0.189454	0.0231776	
0.299245	-0.0939631	0.888424	-0.185112	-0.981911	-0.0397964	0.0317596	0.0344976	-0.9989	0.982204	-0.186172	0.0247993	
0.299197	-0.0922514	0.889072	-0.181793	-0.98256	-0.0390689	0.0331065	0.0335927	-0.998887	0.982779	-0.182884	0.0264222	
0.29914	-0.090538	0.889719	-0.178472	-0.983198	-0.038338	0.0344604	0.0326939	-0.998871	0.983341	-0.179591	0.0280465	
0.299075	-0.0888229	0.890366	-0.175147	-0.983824	-0.0376039	0.0358213	0.0318012	-0.998852	0.98389	-0.176293	0.029672	
0.299001	-0.0871062	0.891013	-0.171819	-0.984438	-0.0368666	0.037189	0.0309148	-0.99883	0.984426	-0.172989	0.0312986	
0.298919	-0.0853881	0.89166	-0.168488	-0.985041	-0.036126	0.0385635	0.0300346	-0.998805	0.984949	-0.16968	0.0329262	
0.298829	-0.0836685	0.892306	-0.165154	-0.985633	-0.0353823	0.0399448	0.0291609	-0.998776	0.985458	-0.166366	0.0345548	
0.298729	-0.0819477	0.892951	-0.161818	-0.986213	-0.0346354	0.0413327	0.0282936	-0.998745	0.985955	-0.163047	0.0361844	
0.298622	-0.0802256	0.893596	-0.158479	-0.986781	-0.0338854	0.0427271	0.0274329	-0.99871	0.986437	-0.159723	0.0378147	
0.298506	-0.0785024	0.894241	-0.155138	-0.987337	-0.0331322	0.0441279	0.0265789	-0.998672	0.986907	-0.156394	0.0394457	
0.298381	-0.0767781	0.894885	-0.151795	-0.987882	-0.032376	0.0455352	0.0257315	-0.998631	0.987363	-0.153061	0.0410775	
0.298248	-0.0750529	0.895528	-0.148449	-0.988414	-0.0316167	0.0469487	0.0248909	-0.998587	0.987805	-0.149724	0.0427098	
0.298106	-0.0733269	0.896171	-0.145102	-0.988936	-0.0308545	0.0483685	0.0240573	-0.99854	0.988234	-0.146382	0.0443426	
0.297956	-0.0716001	0.896814	-0.141752	-0.989445	-0.0300892	0.0497943	0.0232305	-0.998489	0.988649	-0.143036	0.0459758	
0.297798	-0.0698725	0.897455	-0.138401	-0.989942	-0.029321	0.0512262	0.0224108	-0.998436	0.989051	-0.139686	0.0476093	
0.29763	-0.0681444	0.898096	-0.135048	-0.990428	-0.0285498	0.052664	0.0215981	-0.998379	0.989439	-0.136332	0.0492431	
0.297455	-0.0664158	0.898736	-0.131693	-0.990901	-0.0277758	0.0541077	0.0207927	-0.998319	0.989813	-0.132975	0.0508771	
0.29727	-0.0646868	0.899375	-0.128338	-0.991363	-0.0269989	0.055557	0.0199944	-0.998255	0.990173	-0.129614	0.0525112	
0.297078	-0.0629575	0.900014	-0.124981	-0.991813	-0.0262192	0.0570121	0.0192035	-0.998189	0.99052	-0.126249	0.0541452	
0.296876	-0.0612279	0.900651	-0.121622	-0.99225	-0.0254367	0.0584727	0.01842	-0.998119	0.990853	-0.122881	0.0557793	
0.296667	-0.0594982	0.901288	-0.118263	-0.992676	-0.0246514	0.0599387	0.0176439	-0.998046	0.991172	-0.11951	0.0574131	
0.296448	-0.0577684	0.901924	-0.114903	-0.99309	-0.0238634	0.0614101	0.0168753	-0.99797	0.991477	-0.116135	0.0590468	
0.296221	-0.0560387	0.902558	-0.111542	-0.993492	-0.0230726	0.0628868	0.0161143	-0.997891	0.991768	-0.112758	0.0606801	
0.295986	-0.0543091	0.903192	-0.108181	-0.993882	-0.0222793	0.0643686	0.015361	-0.997808	0.992045	-0.109378	0.062313	
0.295742	-0.0525798	0.903825	-0.104819	-0.994259	-0.0214833	0.0658555	0.0146153	-0.997722	0.992308	-0.105995	0.0639455	
0.29549	-0.0508507	0.904457	-0.101457	-0.994625	-0.0206847	0.0673474	0.0138775	-0.997633	0.992558	-0.10261	0.0655774	
0.295229	-0.0491221	0.905087	-0.0980941	-0.994978	-0.0198836	0.0688441	0.0131475	-0.997541	0.992793	-0.0992218	0.0672087	
0.29496	-0.0473939	0.905717	-0.0947315	-0.99532	-0.0190799	0.0703456	0.0124254	-0.997445	0.993014	-0.0958317	0.0688393	
0.294682	-0.0456664	0.906345	-0.091369	-0.995649	-0.0182738	0.0718517	0.0117112	-0.997347	0.993222	-0.0924396	0.070469	
0.294396	-0.0439395	0.906972	-0.0880066	-0.995967	-0.0174652	0.0733623	0.0110051	-0.997245	0.993415	-0.0890454	0.0720979	
0.294101	-0.0422134	0.907598	-0.0846445	-0.996272	-0.0166542	0.0748774	0.010307	-0.997139	0.993594	-0.0856494	0.0737259	
0.293798	-0.0404881	0.908222	-0.0812829	-0.996565	-0.0158408	0.0763969	0.00961708	-0.997031	0.993759	-0.0822517	0.0753528	
0.293487	-0.0387638	0.908845	-0.0779217	-0.996846	-0.0150252	0.0779205	0.00893535	-0.99692	0.99391	-0.0788525	0.0769785	
0.293168	-0.0370406	0.909467	-0.0745613	-0.997115	-0.0142072	0.0794483	0.00826185	-0.996805	0.994047	-0.0754518	0.0786031	
0.29284	-0.0353184	0.910088	-0.0712016	-0.997372	-0.0133869	0.0809801	0.00759664	-0.996687	0.994169	-0.0720498	0.0802264	
0.292503	-0.0335975	0.910707	-0.0678429	-0.997617	-0.0125645	0.0825158	0.00693978	-0.996566	0.994278	-0.0686467	0.0818483	
0.292159	-0.0318779	0.911324	-0.0644852	-0.99785	-0.0117399	0.0840553	0.00629132	-0.996441	0.994372	-0.0652425	0.0834688	
0.291806	-0.0301597	0.91194	-0.0611287	-0.99807	-0.0109131	0.0855985	0.0056513	-0.996314	0.994453	-0.0618375	0.0850878	
0.291445	-0.028443	0.912555	-0.0577735	-0.998279	-0.0100843	0.0871452	0.00501976	-0.996183	0.994519	-0.0584318	0.0867052	
0.291075	-0.0267279	0.913168	-0.0544198	-0.998475	-0.00925341	0.0886954	0.00439677	-0.996049	0.994571	-0.0550255	0.0883209	
0.290698	-0.0250144	0.91378	-0.0510676	-0.99866	-0.0084205	0.090249	0.00378235	-0.995912	0.994609	-0.0516187	0.0899349	
0.290312	-0.0233027	0.91439	-0.047717	-0.998832	-0.00758562	0.0918058	0.00317656	-0.995772	0.994633	-0.0482117	0.091547	
0.289918	-0.0215928	0.914998	-0.0443683	-0.998992	-0.00674882	0.0933657	0.00257943	-0.995629	0.994643	-0.0448044	0.0931572	
0.289516	-0.0198849	0.915604	-0.0410215	-0.999141	-0.00591012	0.0949287	0.00199102	-0.995482	0.994639	-0.0413972	0.0947654	
0.289106	-0.0181789	0.916209	-0.0376767	-0.999277	-0.00506958	0.0964945	0.00141134	-0.995333	0.99462	-0.0379901	0.0963716	
0.288688	-0.0164751	0.916813	-0.0343341	-0.999401	-0.00422724	0.0980632	0.000840452	-0.99518	0.994588	-0.0345832	0.0979756	
0.288262	-0.0147735	0.917414	-0.0309938	-0.999514	-0.00338313	0.0996345	0.000278383	-0.995024	0.994541	-0.0311767	0.0995774	
0.287829	-0.0130741	0.918014	-0.0276559	-0.999614	-0.00253731	0.101208	-0.000274832	-0.994865	0.994481	-0.0277707	0.101177	
0.287387	-0.0113771	0.918612	-0.0243205	-0.999703	-0.00168982	0.102785	-0.000819157	-0.994703	0.994406	-0.0243654	0.102774	
0.286937	-0.00968258	0.919208	-0.0209878	-0.999779	-0.000840689	0.104363	-0.00135456	-0.994538	0.994318	-0.0209609	0.104369	
0.286479	-0.00799056	0.919802	-0.0176579	-0.999844	1.00261e-05	0.105944	-0.00188101	-0.99437	0.994215	-0.0175574	0.105961	
0.286014	-0.00630115	0.920394	-0.0143308	-0.999897	0.000862286	0.107527	-0.00239848	-0.994199	0.994099	-0.014155	0.107551	
0.285541	-0.00461445	0.920984	-0.0110067	-0.999938	0.00171605	0.109112	-0.00290694	-0.994025	0.993968	-0.0107537	0.109137	
0.28506	-0.00293052	0.921573	-0.00768578	-0.999967	0.00257126	0.110699	-0.00340636	-0.993848	0.993824	-0.00735386	0.110722	
0.284571	-0.00124947	0.922159	-0.00436806	-0.999985	0.00342789	0.112288	-0.00389672	-0.993668	0.993666	-0.00395549	0.112303	
0.284075	0.000428228	0.922744	-0.00105515	-0.99999	0.00428589	0.113878	-0.00437816	-0.993485	0.993494	-0.000560206	0.113882	
0.284096	0.000365309	0.922719	-0.00117939	-0.99999	0.0042537	0.113811	-0.00436029	-0.993493	0.993502	-0.000687602	0.113815	
0.284095	0.000367743	0.92272	-0.00117459	-0.99999	0.00425494	0.113814	-0.00436098	-0.993493	0.993501	-0.000682673	0.113818	
0.284095	0.000367649	0.92272	-0.00117477	-0.99999	0.0042549	0.113814	-0.00436096	-0.993493	0.993501	-0.000682863	0.113818	
0.284095	0.000367653	0.92272	-0.00117477	-0.99999	0.0042549	0.113814	-0.00436096	-0.993493	0.993501	-0.000682856	0.113818	
0.284095	0.000367652	0.92272	-0.00117477	-0.99999	0.0042549	0.113814	-0.00436096	-0.993493	0.993501	-0.000682856	0.113818	
0.284095	0.000367652	0.92272	-0.00117477	-0.99999	0.0042549	0.113814	-0.00436096	-0.993493	0.993501	-0.000682856	0.113818	
0.284095	0.000367652	0.92272	-0.00117477	-0.99999	0.0042549	0.113814	-0.00436096	-0.993493	0.993501	-0.000682856	0.113818	
0.284095	0.000367652	0.92272	-0.00117477	-0.99999	0.0042549	0.113814	-0.00436096	-0.993493	0.993501	-0.000682856	0.113818	
0.284095	0.000367652	0.92272	-0.00117477	-0.99999	0.0042549	0.113814	-0.00436096	-0.993493	0.993501	-0.000682856	0.113818	
0.284095	0.000367652	0.92272	-0.00117477	-0.99999	0.0042549	0.113814	-0.00436096	-0.993493	0.993501	-0.000682856	0.113818	
0.284095	0.000367652	0.92272	-0.00117477	-0.99999	0.0042549	0.113814	-0.00436096	-0.993493	0.993501	-0.000682856	0.113818	
0.284095	0.000367652	0.92272	-0.00117477	-0.99999	0.0042549	0.113814	-0.00436096	-0.993493	0.993501	-0.000682856	0.113818	
0.284095	0.000367652	0.92272	-0.00117477	-0.99999	0.0042549	0.113814	-0.00436096	-0.993493	0.993501	-0.000682856	0.113818	
0.284095	0.000367652	0.92272	-0.00117477	-0.99999	0.0042549	0.113814	-0.00436096	-0.993493	0.993501	-0.000682856	0.113818	
0.284095	0.000367652	0.92272	-0.00117477	-0.99999	0.0042549	0.113814	-0.00436096	-0.993493	0.993501	-0.000682856	0.113818	
0.284095	0.000367652	0.92272	-0.00117477	-0.99999	0.0042549	0.113814	-0.00436096	-0.993493	0.993501	-0.000682856	0.113818	
0.284095	0.000367652	0.92272	-0.00117477	-0.99999	0.0042549	0.113814	-0.00436096	-0.993493	0.993501	-0.000682856	0.113818	
0.284095	0.000367652	0.92272	-0.00117477	-0.99999	0.0042549	0.113814	-0.00436096	-0.993493	0.993501	-0.000682856	0.113818	
0.284095	0.000367652	0.92272	-0.00117477	-0.99999	0.0042549	0.113814	-0.00436096	-0.993493	0.993501	-0.000682856	0.113818	
0.284095	0.000367652	0.92272	-0.00117477	-0.99999	0.0042549	0.113814	-0.00436096	-0.993493	0.993501	-0.000682856	0.113818	
0.284095	0.000367652	0.92272	-0.00117477	-0.99999	0.0042549	0.113814	-0.00436096	-0.993493	0.993501	-0.000682856	0.113818	
0.284095	0.000367652	0.92272	-0.00117477	-0.99999	0.0042549	0.113814	-0.00436096	-0.993493	0.993501	-0.000682856	0.113818	
0.284095	0.000367652	0.92272	-0.00117477	-0.99999	0.0042549	0.113814	-0.00436096	-0.993493	0.993501	-0.000682856	0.113818	
0.284095	0.000367652	0.92272	-0.00117477	-0.99999	0.0042549	0.113814	-0.00436096	-0.993493	0.993501	-0.000682856	0.113818	
0.284095	0.000367652	0.92272	-0.00117477	-0.99999	0.0042549	0.113814	-0.00436096	-0.993493	0.993501	-0.000682856	0.113818	
0.284095	0.000367652	0.92272	-0.00117477	-0.99999	0.0042549	0.113814	-0.00436096	-0.993493	0.993501	-0.000682856	0.113818	
0.284095	0.000367652	0.92272	-0.00117477	-0.99999	0.0042549	0.113814	-0.00436096	-0.993493	0.993501	-0.000682856	0.113818	
0.284095	0.000367652	0.92272	-0.00117477	-0.99999	0.0042549	0.113814	-0.00436096	-0.993493	0.993501	-0.000682856	0.113818	
0.284095	0.000367652	0.92272	-0.00117477	-0.99999	0.0042549	0.113814	-0.00436096	-0.993493	0.993501	-0.000682856	0.113818	
0.284095	0.000367652	0.92272	-0.00117477	-0.99999	0.0042549	0.113814	-0.00436096	-0.993493	0.993501	-0.000682856	0.113818	
0.284095	0.000367652	0.92272	-0.00117477	-0.99999	0.0042549	0.113814	-0.00436096	-0.993493	0.993501	-0.000682856	0.113818	
0.284095	0.000367652	0.92272	-0.00117477	-0.99999	0.0042549	0.113814	-0.00436096	-0.993493	0.993501	-0.000682856	0.113818	
0.284095	0.000367652	0.92272	-0.00117477	-0.99999	0.0042549	0.113814	-0.00436096	-0.993493	0.993501	-0.000682856	0.113818	
0.284095	0.000367652	0.92272	-0.00117477	-0.99999	0.0042549	0.113814	-0.00436096	-0.993493	0.993501	-0.000682856	0.113818	
0.284095	0.000367652	0.92272	-0.00117477	-0.99999	0.0042549	0.113814	-0.00436096	-0.993493	0.993501	-0.000682856	0.113818	
0.284095	0.000367652	0.92272	-0.00117477	-0.99999	0.0042549	0.113814	-0.00436096	-0.993493	0.993501	-0.000682856	0.113818	
0.284095	0.000367652	0.92272	-0.00117477	-0.99999	0.0042549	0.113814	-0.00436096	-0.993493	0.993501	-0.000682856	0.113818	
0.284095	0.000367652	0.92272	-0.00117477	-0.99999	0.0042549	0.113814	-0.00436096	-0.993493	0.993501	-0.000682856	0.113818	
0.284095	0.000367652	0.92272	-0.00117477	-0.99999	0.0042549	0.113814	-0.00436096	-0.993493	0.993501	-0.000682856	0.113818	
0.284095	0.000367652	0.92272	-0.00117477	-0.99999	0.0042549	0.113814	-0.00436096	-0.993493	0.993501	-0.000682856	0.113818	
0.284095	0.000367652	0.92272	-0.00117477	-0.99999	0.0042549	0.113814	-0.00436096	-0.993493	0.993501	-0.000682856	0.113818	
0.284095	0.000367652	0.92272	-0.00117477	-0.99999	0.0042549	0.113814	-0.00436096	-0.993493	0.993501	-0.000682856	0.113818	
0.284095	0.000367652	0.92272	-0.00117477	-0.99999	0.0042549	0.113814	-0.00436096	-0.993493	0.993501	-0.000682856	0.113818	
0.284095	0.000367652	0.92272	-0.00117477	-0.99999	0.0042549	0.113814	-0.00436096	-0.993493	0.993501	-0.000682856	0.113818	
0.284095	0.000367652	0.92272	-0.00117477	-0.99999	0.0042549	0.113814	-0.00436096	-0.993493	0.993501	-0.000682856	0.113818	
0.284095	0.000367652	0.92272	-0.00117477	-0.99999	0.0042549	0.113814	-0.00436096	-0.993493	0.993501	-0.000682856	0.113818	
0.284095	0.000367652	0.92272	-0.00117477	-0.99999	0.0042549	0.113814	-0.00436096	-0.993493	0.993501	-0.000682856	0.113818	
0.284095	0.000367652	0.92272	-0.00117477	-0.99999	0.0042549	0.113814	-0.00436096	-0.993493	0.993501	-0.000682856	0.113818	
0.284095	0.000367652	0.92272	-0.00117477	-0.99999	0.0042549	0.113814	-0.00436096	-0.993493	0.993501	-0.000682856	0.113818	
0.284095	0.000367652	0.92272	-0.00117477	-0.99999	0.0042549	0.113814	-0.00436096	-0.993493	0.993501	-0.000682856	0.113818	
0.284095	0.000367652	0.92272	-0.00117477	-0.99999	0.0042549	0.113814	-0.00436096	-0.993493	0.993501	-0.000682856	0.113818	
0.284095	0.000367652	0.92272	-0.00117477	-0.99999	0.0042549	0.113814	-0.00436096	-0.993493	0.993501	-0.000682856	0.113818	
0.284095	0.000367652	0.92272	-0.00117477	-0.99999	0.0042549	0.113814	-0.00436096	-0.993493	0.993501	-0.000682856	0.113818	
0.284095	0.000367652	0.92272	-0.00117477	-0.99999	0.0042549	0.113814	-0.00436096	-0.993493	0.993501	-0.000682856	0.113818	
0.284095	0.000367652	0.92272	-0.00117477	-0.99999	0.0042549	0.113814	-0.00436096	-0.993493	0.993501	-0.000682856	0.113818	
0.284095	0.000367652	0.92272	-0.00117477	-0.99999	0.0042549	0.113814	-0.00436096	-0.993493	0.993501	-0.000682856	0.113818	
0.284095	0.000367652	0.92272	-0.00117477	-0.99999	0.0042549	0.113814	-0.00436096	-0.993493	0.993501	-0.000682856	0.113818	
0.284095	0.000367652	0.92272	-0.00117477	-0.99999	0.0042549	0.113814	-0.00436096	-0.993493	0.993501	-0.000682856	0.113818	
0.284095	0.000367652	0.92272	-0.00117477	-0.99999	0.0042549	0.113814	-0.00436096	-0.993493	0.993501	-0.000682856	0.113818	
0.284095	0.000367652	0.92272	-0.00117477	-0.99999	0.0042549	0.113814	-0.00436096	-0.993493	0.993501	-0.000682856	0.113818	
0.284095	0.000367652	0.92272	-0.00117477	-0.99999	0.0042549	0.113814	-0.00436096	-0.993493	0.993501	-0.000682856	0.113818	
0.284095	0.000367652	0.92272	-0.00117477	-0.99999	0.0042549	0.113814	-0.00436096	-0.993493	0.993501	-0.000682856	0.113818	
0.284095	0.000367652	0.92272	-0.00117477	-0.99999	0.0042549	0.113814	-0.00436096	-0.993493	0.993501	-0.000682856	0.113818	
0.284095	0.000367652	0.92272	-0.00117477	-0.99999	0.0042549	0.113814	-0.00436096	-0.993493	0.993501	-0.000682856	0.113818	
0.284095	0.000367652	0.92272	-0.00117477	-0.99999	0.0042549	0.113814	-0.00436096	-0.993493	0.993501	-0.000682856	0.113818	
0.284095	0.000367652	0.92272	-0.00117477	-0.99999	0.0042549	0.113814	-0.00436096	-0.993493	0.993501	-0.000682856	0.113818	
0.284095	0.000367652	0.92272	-0.00117477	-0.99999	0.0042549	0.113814	-0.00436096	-0.993493	0.993501	-0.000682856	0.113818	
0.284095	0.000367652	0.92272	-0.00117477	-0.99999	0.0042549	0.113814	-0.00436096	-0.993493	0.993501	-0.000682856	0.113818	
0.284095	0.000367652	0.92272	-0.00117477	-0.99999	0.0042549	0.113814	-0.00436096	-0.993493	0.993501	-0.000682856	0.113818	
0.284095	0.000367652	0.92272	-0.00117477	-0.99999	0.0042549	0.113814	-0.00436096	-0.993493	0.993501	-0.000682856	0.113818	
0.284095	0.000367652	0.92272	-0.00117477	-0.99999	0.0042549	0.113814	-0.00436096	-0.993493	0.993501	-0.000682856	0.113818	
0.284095	0.000367652	0.92272	-0.00117477	-0.99999	0.0042549	0.113814	-0.00436096	-0.993493	0.993501	-0.000682856	0.113818	
0.284095	0.000367652	0.92272	-0.00117477	-0.99999	0.0042549	0.113814	-0.00436096	-0.993493	0.993501	-0.000682856	0.113818	
0.284095	0.000367652	0.92272	-0.00117477	-0.99999	0.0042549	0.113814	-0.00436096	-0.993493	0.993501	-0.000682856	0.113818	
0.284095	0.000367652	0.92272	-0.00117477	-0.99999	0.0042549	0.113814	-0.00436096	-0.993493	0.993501	-0.000682856	0.113818	
0.284095	0.000367652	0.92272	-0.00117477	-0.99999	0.0042549	0.113814	-0.00436096	-0.993493	0.993501	-0.000682856	0.113818	
0.284095	0.000367652	0.92272	-0.00117477	-0.99999	0.0042549	0.113814	-0.00436096	-0.993493	0.993501	-0.000682856	0.113818	
0.284095	0.000367652	0.92272	-0.00117477	-0.99999	0.0042549	0.113814	-0.00436096	-0.993493	0.993501	-0.000682856	0.113818	
0.284095	0.000367652	0.92272	-0.00117477	-0.99999	0.0042549	0.113814	-0.00436096	-0.993493	0.993501	-0.000682856	0.113818	
0.284095	0.000367652	0.92272	-0.00117477	-0.99999	0.0042549	0.113814	-0.00436096	-0.993493	0.993501	-0.000682856	0.113818	
0.284095	0.000367652	0.92272	-0.00117477	-0.99999	0.0042549	0.113814	-0.00436096	-0.993493	0.993501	-0.000682856	0.113818	
0.284095	0.000367652	0.92272	-0.00117477	-0.99999	0.0042549	0.113814	-0.00436096	-0.993493	0.993501	-0.000682856	0.113818	
0.284095	0.000367652	0.92272	-0.00117477	-0.99999	0.0042549	0.113814	-0.00436096	-0.993493	0.993501	-0.000682856	0.113818	
0.284095	0.000367652	0.92272	-0.00117477	-0.99999	0.0042549	0.113814	-0.00436096	-0.993493	0.993501	-0.000682856	0.113818	
0.284095	0.000367652	0.92272	-0.00117477	-0.99999	0.0042549	0.113814	-0.00436096	-0.993493	0.993501	-0.000682856	0.113818	
0.284095	0.000367652	0.92272	-0.00117477	-0.99999	0.0042549	0.113814	-0.00436096	-0.993493	0.993501	-0.000682856	0.113818	
0.284095	0.000367652	0.92272	-0.00117477	-0.99999	0.0042549	0.113814	-0.00436096	-0.993493	0.993501	-0.000682856	0.113818	
0.284095	0.000367652	0.92272	-0.00117477	-0.99999	0.0042549	0.113814	-0.00436096	-0.993493	0.993501	-0.000682856	0.113818	
0.284095	0.000367652	0.92272	-0.00117477	-0.99999	0.0042549	0.113814	-0.00436096	-0.993493	0.993501	-0.000682856	0.113818	
0.284095	0.000367652	0.92272	-0.00117477	-0.99999	0.0042549	0.113814	-0.00436096	-0.993493	0.993501	-0.000682856	0.113818	
0.284095	0.000367652	0.92272	-0.00117477	-0.99999	0.0042549	0.113814	-0.00436096	-0.993493	0.993501	-0.000682856	0.113818	
0.284095	0.000367652	0.92272	-0.00117477	-0.99999	0.0042549	0.113814	-0.00436096	-0.993493	0.993501	-0.000682856	0.113818	
0.284095	0.000367652	0.92272	-0.00117477	-0.99999	0.0042549	0.113814	-0.00436096	-0.993493	0.993501	-0.000682856	0.113818	
0.284095	0.000367652	0.92272	-0.00117477	-0.99999	0.0042549	0.113814	-0.00436096	-0.993493	0.993501	-0.000682856	0.113818	
0.284095	0.000367652	0.92272	-0.00117477	-0.99999	0.0042549	0.113814	-0.00436096	-0.993493	0.993501	-0.000682856	0.113818	
0.284095	0.000367652	0.92272	-0.00117477	-0.99999	0.0042549	0.113814	-0.00436096	-0.993493	0.993501	-0.000682856	0.113818	
0.284095	0.000367652	0.92272	-0.00117477	-0.99999	0.0042549	0.113814	-0.00436096	-0.993493	0.993501	-0.000682856	0.113818	
0.284095	0.000367652	0.92272	-0.00117477	-0.99999	0.0042549	0.113814	-0.00436096	-0.993493	0.993501	-0.000682856	0.113818	
0.284095	0.000367652	0.92272	-0.00117477	-0.99999	0.0042549	0.113814	-0.00436096	-0.993493	0.993501	-0.000682856	0.113818	
0.284095	0.000367652	0.92272	-0.00117477	-0.99999	0.0042549	0.113814	-0.00436096	-0.993493	0.993501	-0.000682856	0.113818	
0.284088	-0.00135622	0.922721	-0.00456105	-0.999984	0.00336318	0.1138	-0.00386042	-0.993496	0.993493	-0.00414866	0.113816	
0.284075	-0.00304695	0.92272	-0.00789969	-0.999966	0.00249435	0.113789	-0.00337715	-0.993499	0.993474	-0.0075645	0.113812	
0.284055	-0.00472653	0.922718	-0.0112223	-0.999936	0.00163319	0.113782	-0.00289965	-0.993502	0.993442	-0.0109635	0.113807	
0.284028	-0.00640111	0.922716	-0.0145353	-0.999894	0.000774614	0.113778	-0.00242364	-0.993503	0.9934	-0.0143528	0.113801	
0.283994	-0.00807533	0.922712	-0.0178477	-0.999841	-8.38517e-05	0.113778	-0.00194768	-0.993504	0.993346	-0.0177414	0.113794	
0.283952	-0.00974922	0.922708	-0.0211595	-0.999776	-0.000942237	0.113781	-0.00147176	-0.993505	0.993281	-0.0211293	0.113786	
0.283903	-0.0114227	0.922702	-0.0244706	-0.999699	-0.00180052	0.113787	-0.000995919	-0.993505	0.993204	-0.0245165	0.113777	
0.283848	-0.0130957	0.922696	-0.0277808	-0.999611	-0.00265867	0.113797	-0.000520176	-0.993504	0.993116	-0.0279029	0.113767	
0.283785	-0.0147681	0.922689	-0.0310901	-0.99951	-0.00351668	0.11381	-4.45587e-05	-0.993503	0.993016	-0.0312883	0.113756	
0.283715	-0.01644	0.922681	-0.0343982	-0.999399	-0.00437451	0.113827	0.000430906	-0.993501	0.992905	-0.0346725	0.113744	
0.283638	-0.0181111	0.922671	-0.0377051	-0.999275	-0.00523216	0.113847	0.000906191	-0.993498	0.992783	-0.0380556	0.11373	
0.283554	-0.0197815	0.922661	-0.0410106	-0.99914	-0.00608958	0.11387	0.00138127	-0.993495	0.992649	-0.0414372	0.113716	
0.283463	-0.0214511	0.92265	-0.0443147	-0.998993	-0.00694678	0.113897	0.00185612	-0.993491	0.992504	-0.0448174	0.1137	
0.283364	-0.0231198	0.922638	-0.0476171	-0.998835	-0.00780371	0.113927	0.00233071	-0.993486	0.992347	-0.048196	0.113684	
0.283259	-0.0247876	0.922626	-0.0509178	-0.998665	-0.00866036	0.113961	0.00280502	-0.993481	0.99218	-0.0515728	0.113666	
0.283147	-0.0264543	0.922612	-0.0542167	-0.998484	-0.00951671	0.113998	0.00327901	-0.993476	0.992001	-0.0549478	0.113647	
0.283028	-0.0281199	0.922597	-0.0575136	-0.998291	-0.0103727	0.114038	0.00375267	-0.993469	0.99181	-0.0583209	0.113627	
0.282901	-0.0297844	0.922581	-0.0608084	-0.998086	-0.0112284	0.114082	0.00422597	-0.993462	0.991609	-0.0616918	0.113606	
0.282768	-0.0314476	0.922565	-0.064101	-0.99787	-0.0120837	0.114129	0.00469888	-0.993455	0.991396	-0.0650605	0.113584	
0.282627	-0.0331096	0.922547	-0.0673912	-0.997643	-0.0129387	0.114179	0.00517138	-0.993447	0.991172	-0.0684269	0.113562	
0.28248	-0.0347702	0.922529	-0.070679	-0.997404	-0.0137932	0.114233	0.00564344	-0.993438	0.990937	-0.0717908	0.113537	
0.282326	-0.0364294	0.922509	-0.0739642	-0.997153	-0.0146472	0.11429	0.00611504	-0.993429	0.99069	-0.0751522	0.113512	
0.282165	-0.0380871	0.922489	-0.0772467	-0.996892	-0.0155009	0.11435	0.00658614	-0.993419	0.990433	-0.0785108	0.113486	
0.281997	-0.0397432	0.922468	-0.0805264	-0.996618	-0.016354	0.114414	0.00705673	-0.993408	0.990164	-0.0818667	0.113459	
0.281822	-0.0413978	0.922446	-0.0838031	-0.996334	-0.0172067	0.114481	0.00752678	-0.993397	0.989884	-0.0852196	0.113431	
0.28164	-0.0430506	0.922423	-0.0870768	-0.996038	-0.0180588	0.114552	0.00799626	-0.993385	0.989594	-0.0885694	0.113401	
0.281451	-0.0447017	0.922399	-0.0903473	-0.995731	-0.0189104	0.114625	0.00846515	-0.993373	0.989292	-0.0919161	0.113371	
0.281255	-0.046351	0.922374	-0.0936145	-0.995412	-0.0197615	0.114702	0.00893343	-0.99336	0.988979	-0.0952595	0.11334	
0.281053	-0.0479984	0.922348	-0.0968783	-0.995083	-0.0206119	0.114783	0.00940106	-0.993346	0.988655	-0.0985995	0.113307	
0.280844	-0.0496438	0.922322	-0.100139	-0.994742	-0.0214618	0.114866	0.00986803	-0.993332	0.988321	-0.101936	0.113274	
0.280628	-0.0512873	0.922294	-0.103395	-0.99439	-0.022311	0.114953	0.0103343	-0.993317	0.987975	-0.105269	0.11324	
0.280405	-0.0529287	0.922266	-0.106648	-0.994027	-0.0231596	0.115043	0.0107999	-0.993302	0.987619	-0.108598	0.113204	
0.280176	-0.0545679	0.922236	-0.109897	-0.993653	-0.0240075	0.115136	0.0112647	-0.993286	0.987252	-0.111923	0.113168	
0.279939	-0.056205	0.922206	-0.113142	-0.993268	-0.0248548	0.115233	0.0117288	-0.993269	0.986874	-0.115244	0.11313	
0.279697	-0.0578398	0.922175	-0.116383	-0.992872	-0.0257013	0.115333	0.0121921	-0.993252	0.986485	-0.118562	0.113092	
0.279447	-0.0594723	0.922143	-0.11962	-0.992465	-0.0265471	0.115436	0.0126545	-0.993234	0.986086	-0.121875	0.113052	
0.279191	-0.0611025	0.92211	-0.122852	-0.992047	-0.0273922	0.115542	0.0131162	-0.993216	0.985676	-0.125183	0.113011	
0.278928	-0.0627302	0.922076	-0.12608	-0.991618	-0.0282365	0.115651	0.0135769	-0.993197	0.985256	-0.128488	0.11297	
0.278659	-0.0643554	0.922042	-0.129303	-0.991179	-0.02908	0.115764	0.0140368	-0.993178	0.984825	-0.131787	0.112927	
0.278383	-0.065978	0.922006	-0.132522	-0.990728	-0.0299227	0.115879	0.0144958	-0.993158	0.984383	-0.135083	0.112884	
0.278101	-0.0675981	0.92197	-0.135736	-0.990267	-0.0307646	0.115998	0.0149539	-0.993137	0.983931	-0.138373	0.112839	
0.277812	-0.0692155	0.921932	-0.138945	-0.989796	-0.0316057	0.11612	0.015411	-0.993116	0.983469	-0.141658	0.112794	
0.277517	-0.0708301	0.921894	-0.142149	-0.989313	-0.0324458	0.116245	0.0158672	-0.993094	0.982996	-0.144939	0.112747	
0.277215	-0.0724419	0.921855	-0.145348	-0.988821	-0.0332851	0.116373	0.0163224	-0.993071	0.982513	-0.148215	0.1127	
0.276907	-0.074051	0.921816	-0.148542	-0.988317	-0.0341235	0.116505	0.0167765	-0.993048	0.982019	-0.151485	0.112651	
0.276593	-0.0756571	0.921775	-0.151731	-0.987803	-0.034961	0.116639	0.0172296	-0.993025	0.981516	-0.15475	0.112602	
0.276272	-0.0772602	0.921733	-0.154914	-0.987279	-0.0357975	0.116776	0.0176817	-0.993001	0.981002	-0.15801	0.112552	
0.275945	-0.0788604	0.921691	-0.158091	-0.986745	-0.0366331	0.116917	0.0181326	-0.992976	0.980478	-0.161264	0.1125	
0.275612	-0.0804575	0.921648	-0.161264	-0.9862	-0.0374677	0.11706	0.0185825	-0.992951	0.979944	-0.164513	0.112448	
0.275273	-0.0820514	0.921604	-0.16443	-0.985645	-0.0383013	0.117207	0.0190312	-0.992925	0.979401	-0.167756	0.112395	
0.274927	-0.0836422	0.921559	-0.167591	-0.98508	-0.0391339	0.117356	0.0194788	-0.992899	0.978847	-0.170993	0.112341	
0.274575	-0.0852298	0.921513	-0.170745	-0.984504	-0.0399655	0.117509	0.0199253	-0.992872	0.978283	-0.174224	0.112286	
0.274217	-0.0868141	0.921467	-0.173894	-0.983919	-0.040796	0.117664	0.0203705	-0.992844	0.97771	-0.17745	0.11223	
0.273853	-0.088395	0.921419	-0.177037	-0.983324	-0.0416254	0.117823	0.0208146	-0.992816	0.977126	-0.180669	0.112173	
0.273483	-0.0899726	0.921371	-0.180173	-0.982718	-0.0424538	0.117984	0.0212574	-0.992788	0.976533	-0.183883	0.112115	
0.273107	-0.0915468	0.921322	-0.183303	-0.982103	-0.043281	0.118148	0.021699	-0.992759	0.975931	-0.18709	0.112056	
0.272726	-0.0931174	0.921272	-0.186427	-0.981478	-0.0441071	0.118315	0.0221393	-0.992729	0.975319	-0.19029	0.111996	
0.272338	-0.0946845	0.921222	-0.189545	-0.980843	-0.0449321	0.118485	0.0225783	-0.992699	0.974697	-0.193485	0.111936	
0.271944	-0.0962481	0.92117	-0.192655	-0.980199	-0.0457559	0.118658	0.0230161	-0.992668	0.974066	-0.196672	0.111874	
0.271544	-0.097808	0.921118	-0.19576	-0.979545	-0.0465786	0.118834	0.0234525	-0.992637	0.973425	-0.199853	0.111812	
0.271139	-0.0993642	0.921065	-0.198857	-0.978882	-0.0474001	0.119012	0.0238876	-0.992605	0.972775	-0.203028	0.111749	
0.270728	-0.100917	0.921012	-0.201948	-0.978208	-0.0482203	0.119194	0.0243213	-0.992573	0.972116	-0.206196	0.111685	
0.270311	-0.102466	0.920957	-0.205032	-0.977526	-0.0490394	0.119378	0.0247536	-0.99254	0.971448	-0.209356	0.11162	
0.269889	-0.10401	0.920902	-0.208109	-0.976834	-0.0498572	0.119565	0.0251846	-0.992507	0.97077	-0.21251	0.111554	
0.26946	-0.105552	0.920846	-0.211178	-0.976133	-0.0506737	0.119754	0.0256141	-0.992473	0.970084	-0.215657	0.111487	
0.269027	-0.107089	0.920789	-0.214241	-0.975423	-0.051489	0.119947	0.0260423	-0.992439	0.969388	-0.218797	0.111419	
0.268587	-0.108622	0.920731	-0.217296	-0.974703	-0.052303	0.120142	0.0264689	-0.992404	0.968684	-0.22193	0.111351	
0.268143	-0.110151	0.920673	-0.220344	-0.973975	-0.0531157	0.120339	0.0268941	-0.992368	0.96797	-0.225055	0.111281	
0.267692	-0.111676	0.920614	-0.223385	-0.973237	-0.0539271	0.12054	0.0273179	-0.992333	0.967248	-0.228173	0.111211	
0.267237	-0.113197	0.920554	-0.226418	-0.972491	-0.0547371	0.120743	0.0277401	-0.992296	0.966517	-0.231283	0.11114	
0.266775	-0.114714	0.920494	-0.229444	-0.971736	-0.0555458	0.120948	0.0281609	-0.992259	0.965778	-0.234386	0.111069	
0.266309	-0.116227	0.920432	-0.232462	-0.970971	-0.0563531	0.121157	0.0285801	-0.992222	0.96503	-0.237482	0.110996	
0.265837	-0.117736	0.92037	-0.235473	-0.970199	-0.0571591	0.121368	0.0289977	-0.992184	0.964273	-0.240569	0.110922	
0.26536	-0.11924	0.920308	-0.238475	-0.969417	-0.0579636	0.121581	0.0294139	-0.992146	0.963508	-0.243649	0.110848	
0.264878	-0.12074	0.920244	-0.24147	-0.968627	-0.0587668	0.121797	0.0298284	-0.992107	0.962734	-0.246722	0.110773	
0.264391	-0.122236	0.92018	-0.244457	-0.967829	-0.0595685	0.122015	0.0302414	-0.992067	0.961953	-0.249786	0.110697	
0.263898	-0.123728	0.920115	-0.247436	-0.967022	-0.0603688	0.122236	0.0306527	-0.992028	0.961163	-0.252843	0.110621	
0.263401	-0.125215	0.920049	-0.250407	-0.966206	-0.0611677	0.12246	0.0310625	-0.991987	0.960365	-0.255891	0.110543	
0.262899	-0.126697	0.919983	-0.25337	-0.965383	-0.061965	0.122686	0.0314706	-0.991946	0.959558	-0.258931	0.110465	
0.262391	-0.128175	0.919916	-0.256324	-0.964551	-0.062761	0.122914	0.0318771	-0.991905	0.958744	-0.261964	0.110386	
0.261879	-0.129649	0.919848	-0.259271	-0.963711	-0.0635554	0.123145	0.0322819	-0.991864	0.957922	-0.264988	0.110306	
0.261361	-0.131118	0.91978	-0.262209	-0.962863	-0.0643483	0.123378	0.0326851	-0.991821	0.957092	-0.268003	0.110226	
0.260839	-0.132583	0.919711	-0.265138	-0.962008	-0.0651397	0.123614	0.0330865	-0.991779	0.956254	-0.271011	0.110145	
0.260312	-0.134043	0.919641	-0.26806	-0.961144	-0.0659296	0.123851	0.0334863	-0.991736	0.955408	-0.27401	0.110063	
0.259781	-0.135498	0.919571	-0.270972	-0.960272	-0.066718	0.124092	0.0338844	-0.991692	0.954555	-0.277	0.10998	
0.259244	-0.136949	0.9195	-0.273877	-0.959393	-0.0675047	0.124334	0.0342808	-0.991648	0.953694	-0.279982	0.109896	
0.258703	-0.138395	0.919428	-0.276772	-0.958506	-0.06829	0.124579	0.0346755	-0.991604	0.952826	-0.282956	0.109812	
0.258158	-0.139836	0.919356	-0.279659	-0.957611	-0.0690736	0.124826	0.0350684	-0.991559	0.95195	-0.285921	0.109727	
0.257608	-0.141273	0.919283	-0.282538	-0.956709	-0.0698557	0.125075	0.0354595	-0.991513	0.951067	-0.288877	0.109642	
0.257053	-0.142704	0.91921	-0.285407	-0.9558	-0.0706362	0.125327	0.0358489	-0.991468	0.950177	-0.291825	0.109556	
0.256494	-0.144131	0.919135	-0.288268	-0.954883	-0.071415	0.12558	0.0362366	-0.991421	0.949279	-0.294763	0.109469	
0.255931	-0.145554	0.919061	-0.29112	-0.953959	-0.0721923	0.125836	0.0366224	-0.991375	0.948375	-0.297693	0.109381	
0.255363	-0.146971	0.918985	-0.293963	-0.953028	-0.0729679	0.126094	0.0370065	-0.991328	0.947463	-0.300614	0.109293	
0.254791	-0.148383	0.918909	-0.296796	-0.952089	-0.0737418	0.126354	0.0373887	-0.99128	0.946545	-0.303526	0.109203	
0.254214	-0.149791	0.918832	-0.299621	-0.951144	-0.0745141	0.126616	0.0377692	-0.991232	0.945619	-0.306429	0.109114	
0.253634	-0.151193	0.918755	-0.302437	-0.950192	-0.0752848	0.12688	0.0381478	-0.991184	0.944687	-0.309323	0.109023	
0.253049	-0.152591	0.918677	-0.305244	-0.949232	-0.0760538	0.127147	0.0385246	-0.991135	0.943748	-0.312208	0.108932	
0.25246	-0.153983	0.918599	-0.308042	-0.948266	-0.076821	0.127415	0.0388996	-0.991086	0.942802	-0.315084	0.108841	
0.251867	-0.155371	0.91852	-0.31083	-0.947294	-0.0775866	0.127685	0.0392727	-0.991037	0.94185	-0.317951	0.108748	
0.25127	-0.156754	0.91844	-0.313609	-0.946314	-0.0783505	0.127958	0.039644	-0.990987	0.940891	-0.320808	0.108655	
0.251333	-0.156611	0.918447	-0.313323	-0.946416	-0.0782717	0.127927	0.0396067	-0.990992	0.940991	-0.320513	0.108662	
