0.319223	-0.000320231	0.87831	-0.000727321	-1	0.000304597	3.54769e-05	-0.000304623	-1	1	-0.00072731	3.56984e-05	
0.319397	-0.000641108	0.878032	-0.00145865	-0.999999	0.000636308	-0.000725914	-0.00063525	-1	0.999999	-0.00145911	-0.000724986	
0.319571	-0.000962026	0.877753	-0.00218945	-0.999997	0.00098449	-0.00148788	-0.000981233	-0.999998	0.999996	-0.00219091	-0.00148573	
0.319745	-0.00128298	0.877474	-0.0029197	-0.999995	0.0013485	-0.00225045	-0.00134193	-0.999997	0.999993	-0.00292272	-0.00224652	
0.319918	-0.00160398	0.877195	-0.00364935	-0.999992	0.00172767	-0.00301366	-0.00171668	-0.999994	0.999989	-0.00365454	-0.00300737	
0.320091	-0.00192502	0.876915	-0.00437838	-0.999988	0.00212127	-0.00377753	-0.00210474	-0.999991	0.999983	-0.00438635	-0.00376827	
0.320263	-0.0022461	0.876636	-0.00510676	-0.999984	0.00252856	-0.00454209	-0.00250537	-0.999987	0.999977	-0.00511818	-0.00452923	
0.320435	-0.00256722	0.876357	-0.00583445	-0.999979	0.00294872	-0.00530737	-0.00291777	-0.999982	0.999969	-0.00585	-0.00529023	
0.320607	-0.00288838	0.876077	-0.00656144	-0.999973	0.00338095	-0.00607338	-0.00334111	-0.999976	0.99996	-0.00658182	-0.00605129	
0.320778	-0.00320957	0.875797	-0.0072877	-0.999966	0.00382435	-0.00684013	-0.00377452	-0.999969	0.99995	-0.00731364	-0.0068124	
0.320949	-0.00353081	0.875517	-0.00801322	-0.999959	0.00427804	-0.00760766	-0.00421709	-0.999962	0.999939	-0.00804546	-0.00757355	
0.321119	-0.00385208	0.875238	-0.00873797	-0.999951	0.00474107	-0.00837596	-0.00466789	-0.999954	0.999927	-0.00877728	-0.00833476	
0.321289	-0.00417339	0.874957	-0.00946194	-0.999942	0.00521246	-0.00914504	-0.00512594	-0.999945	0.999913	-0.00950909	-0.00909601	
0.321459	-0.00449473	0.874677	-0.0101851	-0.999932	0.00569121	-0.00991492	-0.00559023	-0.999935	0.999899	-0.0102409	-0.00985731	
0.321628	-0.00481612	0.874397	-0.0109075	-0.999921	0.00617627	-0.0106856	-0.00605972	-0.999925	0.999883	-0.0109727	-0.0106187	
0.321797	-0.00513754	0.874117	-0.0116291	-0.99991	0.00666657	-0.0114571	-0.00653334	-0.999913	0.999867	-0.0117045	-0.01138	
0.321966	-0.005459	0.873836	-0.0123499	-0.999898	0.007161	-0.0122293	-0.00700998	-0.999901	0.999849	-0.0124363	-0.0121415	
0.322134	-0.00578049	0.873556	-0.0130699	-0.999885	0.00765844	-0.0130023	-0.0074885	-0.999887	0.99983	-0.0131681	-0.012903	
0.322302	-0.00610202	0.873275	-0.0137892	-0.999872	0.00815771	-0.0137761	-0.00796774	-0.999873	0.99981	-0.0138998	-0.0136645	
0.322469	-0.00642358	0.872994	-0.0145076	-0.999857	0.00865762	-0.0145507	-0.0084465	-0.999858	0.999789	-0.0146316	-0.014426	
0.322636	-0.00674518	0.872713	-0.0152254	-0.999842	0.00915695	-0.0153259	-0.00892358	-0.999843	0.999767	-0.0153633	-0.0151876	
0.322802	-0.00706681	0.872432	-0.0159424	-0.999826	0.00965446	-0.0161019	-0.00939771	-0.999826	0.999743	-0.016095	-0.0159493	
0.322968	-0.00738848	0.872151	-0.0166586	-0.99981	0.0101489	-0.0168786	-0.00986763	-0.999809	0.999719	-0.0168267	-0.016711	
0.323134	-0.00771018	0.87187	-0.0173742	-0.999792	0.0106389	-0.0176559	-0.010332	-0.999791	0.999693	-0.0175584	-0.0174727	
0.3233	-0.00803191	0.871588	-0.0180892	-0.999775	0.0111232	-0.0184338	-0.0107896	-0.999772	0.999666	-0.0182901	-0.0182345	
0.323464	-0.00835368	0.871307	-0.0188036	-0.999756	0.0116004	-0.0192123	-0.0112391	-0.999752	0.999639	-0.0190218	-0.0189963	
0.323629	-0.00867548	0.871025	-0.0195174	-0.999737	0.0120693	-0.0199913	-0.0116789	-0.999732	0.99961	-0.0197534	-0.0197581	
0.323793	-0.00899731	0.870743	-0.0202307	-0.999717	0.0125283	-0.0207708	-0.0121079	-0.999711	0.99958	-0.020485	-0.02052	
0.323957	-0.00931918	0.870461	-0.0209435	-0.999696	0.0129762	-0.0215507	-0.0125246	-0.999689	0.999548	-0.0212166	-0.0212819	
0.32412	-0.00964108	0.870179	-0.0216559	-0.999676	0.0134114	-0.022331	-0.0129276	-0.999667	0.999516	-0.0219482	-0.0220438	
0.324283	-0.009963	0.869897	-0.022368	-0.999654	0.0138326	-0.0231116	-0.0133154	-0.999644	0.999483	-0.0226798	-0.0228058	
0.324446	-0.010285	0.869615	-0.0230799	-0.999632	0.0142383	-0.0238925	-0.0136865	-0.999621	0.999448	-0.0234113	-0.0235678	
0.324608	-0.010607	0.869333	-0.0237915	-0.99961	0.0146271	-0.0246735	-0.0140397	-0.999597	0.999412	-0.0241428	-0.0243299	
0.32477	-0.010929	0.869051	-0.024503	-0.999587	0.0149975	-0.0254546	-0.0143733	-0.999573	0.999376	-0.0248743	-0.0250919	
0.324931	-0.011251	0.868768	-0.0252144	-0.999564	0.0153479	-0.0262358	-0.0146859	-0.999548	0.999338	-0.0256057	-0.025854	
0.325092	-0.0115731	0.868485	-0.025926	-0.999541	0.015677	-0.0270168	-0.0149759	-0.999523	0.999299	-0.0263371	-0.0266162	
0.325253	-0.0118952	0.868203	-0.0266376	-0.999517	0.0159831	-0.0277978	-0.015242	-0.999497	0.999259	-0.0270685	-0.0273783	
0.325413	-0.0122174	0.86792	-0.0273495	-0.999494	0.0162649	-0.0285784	-0.0154825	-0.999472	0.999217	-0.0277999	-0.0281405	
0.325573	-0.0125395	0.867637	-0.0280617	-0.99947	0.0165207	-0.0293588	-0.015696	-0.999446	0.999175	-0.0285312	-0.0289027	
0.325733	-0.0128617	0.867354	-0.0287744	-0.999446	0.0167491	-0.0301386	-0.0158809	-0.99942	0.999131	-0.0292625	-0.029665	
0.325788	-0.0131831	0.867132	-0.0294908	-0.999421	0.0169444	-0.03073	-0.0160373	-0.999399	0.999093	-0.0299938	-0.0302393	
0.325726	-0.0135036	0.866979	-0.0302115	-0.999397	0.0171067	-0.0311085	-0.0161661	-0.999385	0.999059	-0.0307251	-0.0306013	
0.325664	-0.013824	0.866826	-0.0309329	-0.999373	0.0172414	-0.0314864	-0.0162668	-0.999372	0.999025	-0.0314564	-0.0309634	
0.325602	-0.0141443	0.866674	-0.0316552	-0.999348	0.0173473	-0.0318635	-0.0163382	-0.999359	0.998991	-0.0321876	-0.0313256	
0.325539	-0.0144646	0.866521	-0.0323783	-0.999324	0.017423	-0.0322399	-0.0163788	-0.999346	0.998956	-0.0329189	-0.0316878	
0.325476	-0.0147848	0.866368	-0.0331024	-0.999299	0.017467	-0.0326153	-0.0163872	-0.999334	0.99892	-0.0336501	-0.03205	
0.325413	-0.015105	0.866215	-0.0338276	-0.999275	0.017478	-0.0329897	-0.0163621	-0.999322	0.998883	-0.0343813	-0.0324123	
0.32535	-0.0154251	0.866062	-0.0345539	-0.99925	0.0174547	-0.033363	-0.016302	-0.99931	0.998846	-0.0351124	-0.0327747	
0.325286	-0.0157452	0.865908	-0.0352814	-0.999226	0.0173955	-0.0337349	-0.0162056	-0.999299	0.998808	-0.0358435	-0.0331371	
0.325223	-0.0160652	0.865755	-0.0360102	-0.999202	0.0172992	-0.0341055	-0.0160715	-0.999289	0.998769	-0.0365746	-0.0334995	
0.325159	-0.0163851	0.865602	-0.0367404	-0.999177	0.0171642	-0.0344745	-0.0158983	-0.999279	0.99873	-0.0373056	-0.033862	
0.325095	-0.016705	0.865449	-0.037472	-0.999153	0.0169894	-0.0348418	-0.0156847	-0.99927	0.99869	-0.0380366	-0.0342245	
0.32503	-0.0170249	0.865295	-0.0382053	-0.999129	0.0167732	-0.0352072	-0.0154291	-0.999261	0.998649	-0.0387676	-0.0345871	
0.324966	-0.0173446	0.865142	-0.0389402	-0.999105	0.0165143	-0.0355707	-0.0151304	-0.999253	0.998608	-0.0394985	-0.0349497	
0.324901	-0.0176643	0.864988	-0.0396768	-0.999081	0.0162113	-0.0359321	-0.014787	-0.999245	0.998566	-0.0402294	-0.0353124	
0.324836	-0.017984	0.864834	-0.0404153	-0.999057	0.0158629	-0.0362912	-0.0143976	-0.999238	0.998524	-0.0409602	-0.0356751	
0.324771	-0.0183036	0.864681	-0.0411558	-0.999033	0.0154676	-0.0366479	-0.0139609	-0.999231	0.99848	-0.041691	-0.0360379	
0.324706	-0.0186231	0.864527	-0.0418984	-0.999009	0.0150242	-0.037002	-0.0134756	-0.999224	0.998436	-0.0424218	-0.0364007	
0.32464	-0.0189426	0.864373	-0.0426422	-0.998984	0.0145552	-0.0373543	-0.0129641	-0.999218	0.998392	-0.0431525	-0.0367636	
0.324574	-0.019262	0.864219	-0.0433863	-0.998959	0.0140861	-0.037706	-0.012452	-0.999211	0.998347	-0.0438832	-0.0371265	
0.324508	-0.0195813	0.864065	-0.0441307	-0.998933	0.013617	-0.038057	-0.0119394	-0.999204	0.998301	-0.0446138	-0.0374894	
0.324442	-0.0199006	0.863911	-0.0448755	-0.998906	0.0131478	-0.0384072	-0.0114262	-0.999197	0.998254	-0.0453444	-0.0378525	
0.324375	-0.0202199	0.863757	-0.0456206	-0.998878	0.0126786	-0.0387568	-0.0109125	-0.999189	0.998207	-0.046075	-0.0382155	
0.324308	-0.020539	0.863603	-0.046366	-0.99885	0.0122093	-0.0391057	-0.0103981	-0.999181	0.998159	-0.0468055	-0.0385786	
0.324242	-0.0208582	0.863449	-0.0471117	-0.998821	0.01174	-0.0394539	-0.00988322	-0.999173	0.99811	-0.0475359	-0.0389418	
0.324174	-0.0211772	0.863294	-0.0478578	-0.998791	0.0112706	-0.0398014	-0.00936774	-0.999164	0.998061	-0.0482663	-0.039305	
0.324107	-0.0214962	0.86314	-0.0486041	-0.99876	0.0108012	-0.0401482	-0.00885169	-0.999155	0.998011	-0.0489967	-0.0396682	
0.324039	-0.0218151	0.862986	-0.0493508	-0.998728	0.0103317	-0.0404943	-0.00833508	-0.999145	0.99796	-0.049727	-0.0400315	
0.323972	-0.022134	0.862831	-0.0500978	-0.998696	0.00986222	-0.0408398	-0.00781791	-0.999135	0.997909	-0.0504573	-0.0403948	
0.323904	-0.0224528	0.862677	-0.0508451	-0.998662	0.00939265	-0.0411845	-0.00730016	-0.999125	0.997857	-0.0511875	-0.0407582	
0.323835	-0.0227715	0.862522	-0.0515928	-0.998628	0.00892303	-0.0415285	-0.00678186	-0.999114	0.997804	-0.0519176	-0.0411216	
0.323767	-0.0230902	0.862367	-0.0523407	-0.998594	0.00845336	-0.0418718	-0.00626299	-0.999103	0.997751	-0.0526477	-0.0414851	
0.323698	-0.0234088	0.862212	-0.053089	-0.998558	0.00798364	-0.0422144	-0.00574356	-0.999092	0.997697	-0.0533778	-0.0418486	
0.323629	-0.0237274	0.862058	-0.0538375	-0.998521	0.00751388	-0.0425564	-0.00522357	-0.99908	0.997642	-0.0541078	-0.0422122	
0.32356	-0.0240458	0.861903	-0.0545864	-0.998484	0.00704407	-0.0428976	-0.00470302	-0.999068	0.997587	-0.0548377	-0.0425758	
0.323491	-0.0243643	0.861748	-0.0553356	-0.998446	0.00657422	-0.0432381	-0.00418191	-0.999056	0.997531	-0.0555676	-0.0429395	
0.323421	-0.0246826	0.861593	-0.0560851	-0.998407	0.00610432	-0.0435779	-0.00366024	-0.999043	0.997475	-0.0562975	-0.0433032	
0.323352	-0.0250009	0.861438	-0.0568349	-0.998368	0.00563438	-0.043917	-0.00313802	-0.99903	0.997417	-0.0570272	-0.043667	
0.323258	-0.0253196	0.861358	-0.057588	-0.998327	0.00516206	-0.0441286	-0.00262012	-0.999022	0.997365	-0.0577595	-0.0439039	
0.323131	-0.0256389	0.861385	-0.0583455	-0.998285	0.00468632	-0.0441617	-0.00210872	-0.999022	0.997319	-0.0584954	-0.0439629	
0.322986	-0.0259585	0.861466	-0.0591052	-0.998243	0.00420866	-0.0441033	-0.00160064	-0.999026	0.997277	-0.0592332	-0.0439312	
0.322832	-0.0262782	0.861574	-0.0598661	-0.998199	0.00372984	-0.0439971	-0.00109427	-0.999031	0.997236	-0.0599722	-0.0438523	
0.322673	-0.026598	0.861698	-0.0606277	-0.998155	0.00325025	-0.0438646	-0.000588801	-0.999037	0.997196	-0.0607119	-0.043748	
0.322512	-0.0269178	0.861831	-0.0613896	-0.99811	0.00277008	-0.0437166	-8.38407e-05	-0.999044	0.997156	-0.0614521	-0.0436289	
0.322348	-0.0272376	0.861969	-0.0621519	-0.998064	0.00228942	-0.0435586	0.000420818	-0.999051	0.997116	-0.0621926	-0.0435005	
0.322182	-0.0275575	0.862112	-0.0629144	-0.998017	0.00180833	-0.0433933	0.000925272	-0.999058	0.997075	-0.0629336	-0.0433654	
0.322015	-0.0278773	0.862257	-0.063677	-0.99797	0.00132681	-0.0432218	0.00142957	-0.999064	0.997034	-0.0636748	-0.0432251	
0.321848	-0.0281972	0.862405	-0.0644398	-0.997921	0.000844894	-0.0430451	0.00193373	-0.999071	0.996993	-0.0644163	-0.0430802	
0.321679	-0.028517	0.862555	-0.0652027	-0.997872	0.00036257	-0.0428632	0.00243775	-0.999078	0.996951	-0.0651582	-0.042931	
0.321509	-0.0288368	0.862708	-0.0659658	-0.997822	-0.000120158	-0.0426765	0.00294164	-0.999085	0.996909	-0.0659003	-0.0427776	
0.321337	-0.0291567	0.862863	-0.066729	-0.997771	-0.000603293	-0.0424849	0.0034454	-0.999091	0.996866	-0.0666427	-0.0426201	
0.321165	-0.0294765	0.863021	-0.0674924	-0.997719	-0.00108684	-0.0422885	0.00394902	-0.999098	0.996823	-0.0673855	-0.0424586	
0.320992	-0.0297964	0.863181	-0.0682558	-0.997667	-0.00157079	-0.0420873	0.00445248	-0.999104	0.99678	-0.0681285	-0.042293	
0.320818	-0.0301162	0.863343	-0.0690194	-0.997613	-0.00205517	-0.0418813	0.00495579	-0.99911	0.996736	-0.0688719	-0.0421234	
0.320642	-0.030436	0.863507	-0.0697831	-0.997559	-0.00253996	-0.0416705	0.00545893	-0.999116	0.996691	-0.0696156	-0.0419497	
0.320466	-0.0307558	0.863674	-0.0705469	-0.997504	-0.00302517	-0.0414549	0.00596191	-0.999123	0.996647	-0.0703596	-0.041772	
0.320288	-0.0310757	0.863844	-0.0713108	-0.997448	-0.00351081	-0.0412344	0.00646471	-0.999129	0.996601	-0.0711039	-0.0415902	
0.32011	-0.0313955	0.864015	-0.0720748	-0.997391	-0.00399688	-0.0410091	0.00696732	-0.999134	0.996556	-0.0718485	-0.0414042	
0.31993	-0.0317153	0.864189	-0.0728389	-0.997334	-0.00448339	-0.0407789	0.00746974	-0.99914	0.99651	-0.0725934	-0.0412142	
0.319749	-0.0320351	0.864366	-0.0736031	-0.997275	-0.00497033	-0.0405438	0.00797195	-0.999146	0.996463	-0.0733387	-0.0410201	
0.319586	-0.0323545	0.864487	-0.0743656	-0.997216	-0.00545536	-0.0404006	0.00847872	-0.999148	0.996412	-0.0740818	-0.0409186	
0.319431	-0.0326737	0.86458	-0.0751273	-0.997156	-0.0059395	-0.0403044	0.00898795	-0.999147	0.996359	-0.0748239	-0.040865	
0.319281	-0.0329927	0.864658	-0.0758887	-0.997096	-0.00642328	-0.0402322	0.00949855	-0.999145	0.996304	-0.0755654	-0.0408362	
0.319134	-0.0333116	0.864728	-0.07665	-0.997034	-0.006907	-0.0401721	0.01001	-0.999143	0.996248	-0.0763068	-0.0408202	
0.318987	-0.0336305	0.864794	-0.0774112	-0.996972	-0.00739078	-0.040118	0.0105219	-0.99914	0.996192	-0.0770481	-0.040811	
0.318841	-0.0339493	0.864858	-0.0781725	-0.996909	-0.00787471	-0.0400667	0.0110341	-0.999136	0.996134	-0.0777894	-0.0408054	
0.318695	-0.0342681	0.864921	-0.0789338	-0.996845	-0.00835883	-0.0400166	0.0115467	-0.999132	0.996076	-0.0785309	-0.0408018	
0.318549	-0.0345868	0.864982	-0.0796953	-0.99678	-0.00884315	-0.0399669	0.0120594	-0.999128	0.996018	-0.0792724	-0.0407993	
0.318403	-0.0349055	0.865044	-0.0804568	-0.996714	-0.00932769	-0.0399173	0.0125724	-0.999124	0.995958	-0.080014	-0.0407977	
0.318256	-0.0352242	0.865105	-0.0812184	-0.996648	-0.00981244	-0.0398673	0.0130856	-0.999119	0.995899	-0.0807557	-0.0407965	
0.31811	-0.0355428	0.865166	-0.0819801	-0.996581	-0.0102974	-0.0398171	0.013599	-0.999114	0.995838	-0.0814975	-0.0407958	
0.317963	-0.0358614	0.865226	-0.0827419	-0.996513	-0.0107826	-0.0397664	0.0141126	-0.999109	0.995777	-0.0822394	-0.0407954	
0.317817	-0.0361799	0.865287	-0.0835038	-0.996444	-0.0112681	-0.0397153	0.0146264	-0.999104	0.995716	-0.0829815	-0.0407954	
0.31767	-0.0364984	0.865347	-0.0842658	-0.996374	-0.0117537	-0.0396637	0.0151403	-0.999098	0.995654	-0.0837236	-0.0407957	
0.317522	-0.0368169	0.865406	-0.0850278	-0.996303	-0.0122396	-0.0396117	0.0156545	-0.999093	0.995591	-0.0844659	-0.0407963	
0.317375	-0.0371353	0.865466	-0.08579	-0.996232	-0.0127257	-0.0395592	0.0161688	-0.999086	0.995528	-0.0852082	-0.0407972	
0.317228	-0.0374537	0.865525	-0.0865523	-0.99616	-0.013212	-0.0395062	0.0166833	-0.99908	0.995464	-0.0859507	-0.0407985	
0.31708	-0.0377721	0.865585	-0.0873146	-0.996087	-0.0136986	-0.0394528	0.017198	-0.999073	0.995399	-0.0866932	-0.0408	
0.316932	-0.0380904	0.865643	-0.088077	-0.996013	-0.0141854	-0.0393989	0.0177129	-0.999067	0.995334	-0.0874359	-0.0408019	
0.316784	-0.0384087	0.865702	-0.0888395	-0.995938	-0.0146723	-0.0393445	0.0182279	-0.999059	0.995269	-0.0881787	-0.040804	
0.316636	-0.038727	0.865761	-0.0896021	-0.995862	-0.0151596	-0.0392897	0.0187432	-0.999052	0.995202	-0.0889216	-0.0408065	
0.316487	-0.0390452	0.865819	-0.0903648	-0.995786	-0.015647	-0.0392343	0.0192586	-0.999044	0.995136	-0.0896646	-0.0408093	
0.316339	-0.0393633	0.865877	-0.0911276	-0.995709	-0.0161347	-0.0391786	0.0197742	-0.999037	0.995068	-0.0904077	-0.0408124	
0.31619	-0.0396815	0.865934	-0.0918904	-0.99563	-0.0166226	-0.0391223	0.02029	-0.999028	0.995	-0.0911508	-0.0408158	
0.316041	-0.0399996	0.865992	-0.0926534	-0.995551	-0.0171107	-0.0390656	0.020806	-0.99902	0.994932	-0.0918941	-0.0408195	
0.315892	-0.0403176	0.866049	-0.0934164	-0.995472	-0.017599	-0.0390084	0.0213222	-0.999011	0.994863	-0.0926375	-0.0408236	
0.315743	-0.0406356	0.866106	-0.0941795	-0.995391	-0.0180875	-0.0389507	0.0218385	-0.999002	0.994793	-0.093381	-0.0408279	
0.315593	-0.0409536	0.866163	-0.0949427	-0.995309	-0.0185763	-0.0388926	0.022355	-0.998993	0.994723	-0.0941246	-0.0408326	
0.315444	-0.0412715	0.86622	-0.0957059	-0.995227	-0.0190653	-0.0388339	0.0228717	-0.998984	0.994652	-0.0948683	-0.0408375	
0.315294	-0.0415894	0.866276	-0.0964692	-0.995144	-0.0195545	-0.0387748	0.0233886	-0.998974	0.99458	-0.0956121	-0.0408428	
0.315144	-0.0419073	0.866332	-0.0972326	-0.99506	-0.0200439	-0.0387153	0.0239057	-0.998964	0.994508	-0.0963559	-0.0408484	
0.314994	-0.0422251	0.866388	-0.0979961	-0.994975	-0.0205336	-0.0386552	0.0244229	-0.998954	0.994436	-0.0970999	-0.0408543	
0.314843	-0.0425429	0.866444	-0.0987597	-0.994889	-0.0210234	-0.0385947	0.0249403	-0.998944	0.994363	-0.097844	-0.0408605	
0.314693	-0.0428606	0.866499	-0.0995233	-0.994803	-0.0215135	-0.0385337	0.0254579	-0.998933	0.994289	-0.0985881	-0.0408671	
0.314542	-0.0431783	0.866555	-0.100287	-0.994715	-0.0220038	-0.0384722	0.0259756	-0.998922	0.994214	-0.0993324	-0.0408739	
0.314391	-0.0434959	0.86661	-0.101051	-0.994627	-0.0224943	-0.0384103	0.0264936	-0.998911	0.99414	-0.100077	-0.0408811	
0.31424	-0.0438136	0.866664	-0.101815	-0.994538	-0.0229851	-0.0383478	0.0270117	-0.998899	0.994064	-0.100821	-0.0408886	
0.314089	-0.0441311	0.866719	-0.102579	-0.994448	-0.023476	-0.0382849	0.02753	-0.998888	0.993988	-0.101566	-0.0408964	
0.313937	-0.0444486	0.866773	-0.103343	-0.994357	-0.0239672	-0.0382216	0.0280484	-0.998876	0.993911	-0.10231	-0.0409045	
0.313785	-0.0447661	0.866827	-0.104107	-0.994265	-0.0244586	-0.0381577	0.0285671	-0.998863	0.993834	-0.103055	-0.0409129	
0.313634	-0.0450836	0.866881	-0.104871	-0.994173	-0.0249502	-0.0380934	0.0290859	-0.998851	0.993756	-0.1038	-0.0409216	
0.313482	-0.045401	0.866935	-0.105635	-0.994079	-0.025442	-0.0380285	0.0296048	-0.998838	0.993678	-0.104545	-0.0409307	
0.313329	-0.0457183	0.866988	-0.106399	-0.993985	-0.025934	-0.0379632	0.030124	-0.998825	0.993599	-0.10529	-0.0409401	
0.313177	-0.0460356	0.867041	-0.107163	-0.99389	-0.0264262	-0.0378975	0.0306433	-0.998812	0.993519	-0.106035	-0.0409498	
0.313025	-0.0463529	0.867094	-0.107928	-0.993794	-0.0269187	-0.0378312	0.0311628	-0.998798	0.993439	-0.10678	-0.0409598	
0.312872	-0.0466701	0.867147	-0.108692	-0.993697	-0.0274114	-0.0377645	0.0316824	-0.998784	0.993358	-0.107525	-0.0409701	
0.312719	-0.0469873	0.867199	-0.109457	-0.9936	-0.0279042	-0.0376972	0.0322023	-0.99877	0.993276	-0.10827	-0.0409807	
0.312566	-0.0473045	0.867252	-0.110221	-0.993501	-0.0283973	-0.0376295	0.0327222	-0.998756	0.993194	-0.109016	-0.0409917	
0.312413	-0.0476216	0.867304	-0.110986	-0.993402	-0.0288906	-0.0375614	0.0332424	-0.998741	0.993112	-0.109761	-0.041003	
0.312259	-0.0479386	0.867355	-0.111751	-0.993302	-0.0293842	-0.0374927	0.0337627	-0.998726	0.993029	-0.110507	-0.0410146	
0.312106	-0.0482556	0.867407	-0.112515	-0.993201	-0.0298779	-0.0374235	0.0342832	-0.998711	0.992945	-0.111252	-0.0410265	
0.311952	-0.0485726	0.867458	-0.11328	-0.993099	-0.0303718	-0.0373539	0.0348039	-0.998696	0.992861	-0.111998	-0.0410387	
0.311798	-0.0488895	0.867509	-0.114045	-0.992996	-0.030866	-0.0372838	0.0353247	-0.99868	0.992776	-0.112744	-0.0410513	
0.311644	-0.0492064	0.86756	-0.11481	-0.992892	-0.0313603	-0.0372132	0.0358457	-0.998664	0.99269	-0.11349	-0.0410642	
0.31149	-0.0495232	0.867611	-0.115575	-0.992788	-0.0318549	-0.0371421	0.0363668	-0.998648	0.992604	-0.114236	-0.0410773	
0.311335	-0.04984	0.867661	-0.11634	-0.992682	-0.0323497	-0.0370706	0.0368881	-0.998632	0.992517	-0.114982	-0.0410909	
0.311181	-0.0501567	0.867711	-0.117105	-0.992576	-0.0328447	-0.0369985	0.0374096	-0.998615	0.99243	-0.115728	-0.0411047	
0.311026	-0.0504734	0.867761	-0.11787	-0.992469	-0.0333399	-0.036926	0.0379312	-0.998598	0.992342	-0.116474	-0.0411189	
0.310871	-0.0507901	0.867811	-0.118635	-0.992361	-0.0338353	-0.036853	0.038453	-0.998581	0.992254	-0.11722	-0.0411333	
0.310716	-0.0511067	0.86786	-0.119401	-0.992252	-0.0343309	-0.0367795	0.038975	-0.998563	0.992165	-0.117966	-0.0411481	
0.31056	-0.0514232	0.867909	-0.120166	-0.992143	-0.0348267	-0.0367055	0.0394971	-0.998545	0.992075	-0.118713	-0.0411633	
0.310405	-0.0517398	0.867958	-0.120931	-0.992032	-0.0353227	-0.036631	0.0400194	-0.998527	0.991985	-0.119459	-0.0411787	
0.310249	-0.0520562	0.868007	-0.121697	-0.991921	-0.035819	-0.036556	0.0405418	-0.998509	0.991894	-0.120206	-0.0411945	
0.310093	-0.0523726	0.868055	-0.122462	-0.991809	-0.0363154	-0.0364806	0.0410644	-0.99849	0.991803	-0.120952	-0.0412106	
0.309937	-0.052689	0.868104	-0.123227	-0.991695	-0.036812	-0.0364046	0.0415872	-0.998471	0.99171	-0.121699	-0.041227	
0.309781	-0.0530053	0.868152	-0.123993	-0.991581	-0.0373089	-0.0363282	0.0421101	-0.998452	0.991618	-0.122446	-0.0412437	
0.309625	-0.0533216	0.868199	-0.124759	-0.991467	-0.037806	-0.0362513	0.0426332	-0.998433	0.991525	-0.123193	-0.0412608	
0.309468	-0.0536378	0.868247	-0.125524	-0.991351	-0.0383032	-0.0361739	0.0431564	-0.998413	0.991431	-0.123939	-0.0412782	
0.309311	-0.053954	0.868294	-0.12629	-0.991234	-0.0388007	-0.036096	0.0436798	-0.998393	0.991336	-0.124686	-0.0412959	
0.309154	-0.0542701	0.868341	-0.127055	-0.991117	-0.0392983	-0.0360176	0.0442033	-0.998373	0.991241	-0.125433	-0.0413139	
0.308997	-0.0545862	0.868388	-0.127821	-0.990998	-0.0397962	-0.0359388	0.044727	-0.998353	0.991146	-0.12618	-0.0413323	
0.30884	-0.0549023	0.868435	-0.128587	-0.990879	-0.0402943	-0.0358594	0.0452508	-0.998332	0.99105	-0.126927	-0.041351	
0.308683	-0.0552183	0.868481	-0.129353	-0.990759	-0.0407926	-0.0357796	0.0457748	-0.998311	0.990953	-0.127675	-0.04137	
0.308525	-0.0555342	0.868527	-0.130119	-0.990638	-0.041291	-0.0356992	0.046299	-0.99829	0.990856	-0.128422	-0.0413894	
0.308367	-0.0558501	0.868573	-0.130884	-0.990516	-0.0417897	-0.0356184	0.0468233	-0.998268	0.990758	-0.129169	-0.041409	
0.308209	-0.0561659	0.868619	-0.13165	-0.990394	-0.0422886	-0.0355371	0.0473477	-0.998246	0.990659	-0.129917	-0.041429	
0.308051	-0.0564817	0.868664	-0.132416	-0.99027	-0.0427877	-0.0354553	0.0478723	-0.998224	0.99056	-0.130664	-0.0414494	
0.307893	-0.0567975	0.86871	-0.133182	-0.990146	-0.043287	-0.035373	0.0483971	-0.998202	0.99046	-0.131411	-0.04147	
0.307734	-0.0571131	0.868755	-0.133948	-0.990021	-0.0437864	-0.0352902	0.048922	-0.998179	0.99036	-0.132159	-0.041491	
0.307576	-0.0574288	0.868799	-0.134714	-0.989894	-0.0442861	-0.0352069	0.049447	-0.998156	0.990259	-0.132907	-0.0415123	
0.307417	-0.0577444	0.868844	-0.13548	-0.989767	-0.044786	-0.0351231	0.0499722	-0.998133	0.990157	-0.133654	-0.0415339	
0.307258	-0.0580599	0.868888	-0.136246	-0.989639	-0.0452861	-0.0350388	0.0504976	-0.998109	0.990055	-0.134402	-0.0415559	
0.307099	-0.0583754	0.868932	-0.137012	-0.989511	-0.0457864	-0.0349541	0.0510231	-0.998086	0.989952	-0.13515	-0.0415782	
0.306939	-0.0586908	0.868976	-0.137779	-0.989381	-0.0462868	-0.0348688	0.0515487	-0.998062	0.989849	-0.135898	-0.0416008	
0.30678	-0.0590062	0.869019	-0.138545	-0.98925	-0.0467875	-0.034783	0.0520745	-0.998037	0.989745	-0.136645	-0.0416238	
0.30662	-0.0593216	0.869063	-0.139311	-0.989119	-0.0472884	-0.0346968	0.0526004	-0.998013	0.989641	-0.137393	-0.0416471	
0.30646	-0.0596369	0.869106	-0.140077	-0.988987	-0.0477894	-0.03461	0.0531265	-0.997988	0.989536	-0.138141	-0.0416707	
0.3063	-0.0599521	0.869149	-0.140843	-0.988853	-0.0482907	-0.0345228	0.0536527	-0.997963	0.98943	-0.138889	-0.0416946	
0.30614	-0.0602673	0.869191	-0.14161	-0.988719	-0.0487922	-0.0344351	0.054179	-0.997937	0.989323	-0.139637	-0.0417189	
0.30598	-0.0605824	0.869234	-0.142376	-0.988584	-0.0492938	-0.0343469	0.0547055	-0.997912	0.989217	-0.140386	-0.0417435	
0.305819	-0.0608975	0.869276	-0.143142	-0.988449	-0.0497957	-0.0342581	0.0552322	-0.997886	0.989109	-0.141134	-0.0417685	
0.305659	-0.0612125	0.869318	-0.143909	-0.988312	-0.0502977	-0.0341689	0.055759	-0.997859	0.989001	-0.141882	-0.0417937	
0.305498	-0.0615275	0.869359	-0.144675	-0.988174	-0.0507999	-0.0340792	0.0562859	-0.997833	0.988892	-0.14263	-0.0418193	
0.305337	-0.0618424	0.869401	-0.145441	-0.988036	-0.0513024	-0.033989	0.0568129	-0.997806	0.988783	-0.143378	-0.0418453	
0.305176	-0.0621573	0.869442	-0.146208	-0.987897	-0.051805	-0.0338983	0.0573401	-0.997779	0.988673	-0.144127	-0.0418716	
0.305014	-0.0624721	0.869483	-0.146974	-0.987756	-0.0523078	-0.0338071	0.0578675	-0.997752	0.988562	-0.144875	-0.0418982	
0.304853	-0.0627869	0.869524	-0.14774	-0.987615	-0.0528108	-0.0337154	0.0583949	-0.997724	0.988451	-0.145624	-0.0419251	
0.304691	-0.0631016	0.869564	-0.148507	-0.987473	-0.053314	-0.0336232	0.0589226	-0.997696	0.98834	-0.146372	-0.0419524	
0.304529	-0.0634162	0.869604	-0.149273	-0.98733	-0.0538174	-0.0335305	0.0594503	-0.997668	0.988227	-0.147121	-0.04198	
0.304367	-0.0637308	0.869644	-0.15004	-0.987187	-0.054321	-0.0334373	0.0599782	-0.997639	0.988114	-0.147869	-0.0420079	
0.30415	-0.0640475	0.86984	-0.150804	-0.987041	-0.0548387	-0.0330799	0.0604806	-0.997621	0.98801	-0.148632	-0.0417719	
0.303934	-0.0643642	0.870036	-0.151569	-0.986895	-0.0553568	-0.0327217	0.0609828	-0.997602	0.987905	-0.149394	-0.041536	
0.303717	-0.0646809	0.870231	-0.152333	-0.986748	-0.0558752	-0.0323629	0.0614849	-0.997583	0.987799	-0.150157	-0.0413002	
0.303499	-0.0649975	0.870427	-0.153097	-0.986601	-0.056394	-0.0320032	0.0619868	-0.997564	0.987693	-0.150919	-0.0410644	
0.303281	-0.065314	0.870622	-0.153861	-0.986452	-0.0569132	-0.0316429	0.0624886	-0.997544	0.987586	-0.151683	-0.0408288	
0.303063	-0.0656305	0.870817	-0.154625	-0.986302	-0.0574327	-0.0312818	0.0629903	-0.997524	0.987478	-0.152446	-0.0405932	
0.302845	-0.065947	0.871012	-0.155389	-0.986152	-0.0579526	-0.03092	0.0634917	-0.997503	0.987369	-0.153209	-0.0403577	
0.302626	-0.0662635	0.871207	-0.156153	-0.986001	-0.0584728	-0.0305574	0.0639931	-0.997482	0.98726	-0.153973	-0.0401223	
0.302407	-0.0665799	0.871402	-0.156916	-0.985848	-0.0589934	-0.0301941	0.0644943	-0.997461	0.98715	-0.154736	-0.039887	
0.302188	-0.0668962	0.871597	-0.157679	-0.985695	-0.0595144	-0.0298301	0.0649953	-0.99744	0.98704	-0.1555	-0.0396518	
0.301968	-0.0672126	0.871791	-0.158443	-0.985541	-0.0600357	-0.0294653	0.0654962	-0.997418	0.986928	-0.156265	-0.0394167	
0.301748	-0.0675289	0.871986	-0.159206	-0.985386	-0.0605574	-0.0290998	0.0659969	-0.997395	0.986816	-0.157029	-0.0391816	
0.301527	-0.0678451	0.87218	-0.159969	-0.985231	-0.0610794	-0.0287336	0.0664975	-0.997373	0.986704	-0.157793	-0.0389467	
0.301307	-0.0681613	0.872374	-0.160731	-0.985074	-0.0616018	-0.0283666	0.0669979	-0.99735	0.98659	-0.158558	-0.0387118	
0.301086	-0.0684775	0.872568	-0.161494	-0.984916	-0.0621245	-0.0279988	0.0674982	-0.997326	0.986476	-0.159323	-0.0384771	
0.300864	-0.0687936	0.872762	-0.162256	-0.984758	-0.0626477	-0.0276304	0.0679983	-0.997303	0.986362	-0.160088	-0.0382424	
0.300643	-0.0691097	0.872956	-0.163019	-0.984599	-0.0631711	-0.0272612	0.0684983	-0.997279	0.986246	-0.160853	-0.0380078	
0.300421	-0.0694257	0.873149	-0.163781	-0.984438	-0.0636949	-0.0268912	0.068998	-0.997254	0.98613	-0.161618	-0.0377733	
0.300198	-0.0697417	0.873343	-0.164543	-0.984277	-0.0642191	-0.0265205	0.0694977	-0.99723	0.986013	-0.162384	-0.0375389	
0.299976	-0.0700576	0.873536	-0.165304	-0.984118	-0.0647063	-0.0261553	0.0699603	-0.997207	0.985896	-0.16315	-0.0373046	
0.299752	-0.0703735	0.873729	-0.166063	-0.98396	-0.0651577	-0.0257954	0.070387	-0.997186	0.985778	-0.163915	-0.0370704	
0.299529	-0.0706894	0.873923	-0.166822	-0.983804	-0.0655745	-0.0254408	0.0707792	-0.997168	0.985659	-0.164681	-0.0368363	
0.299305	-0.0710052	0.874116	-0.16758	-0.98365	-0.0659581	-0.0250911	0.0711381	-0.997151	0.985539	-0.165448	-0.0366022	
0.299082	-0.0713206	0.874315	-0.168331	-0.983498	-0.0663101	-0.0246954	0.0714565	-0.997138	0.985421	-0.166211	-0.0363162	
0.298861	-0.0716325	0.874577	-0.169022	-0.983357	-0.0666331	-0.023856	0.0716677	-0.997143	0.985324	-0.166949	-0.0355723	
0.298639	-0.0719442	0.874838	-0.169711	-0.983219	-0.0669229	-0.0230221	0.0718449	-0.99715	0.985225	-0.167687	-0.0348286	
0.298417	-0.0722559	0.8751	-0.1704	-0.983082	-0.0671809	-0.0221934	0.0719897	-0.997158	0.985125	-0.168424	-0.034085	
0.298195	-0.0725675	0.875361	-0.171087	-0.982947	-0.0674084	-0.0213699	0.0721032	-0.997168	0.985024	-0.169162	-0.0333414	
0.297972	-0.072879	0.875622	-0.171773	-0.982814	-0.0676068	-0.0205514	0.0721869	-0.997179	0.984922	-0.169899	-0.0325979	
0.297749	-0.0731905	0.875883	-0.172459	-0.982682	-0.0677773	-0.0197376	0.0722419	-0.997192	0.984819	-0.170637	-0.0318546	
0.297526	-0.0735018	0.876143	-0.173143	-0.982552	-0.067921	-0.0189286	0.0722695	-0.997206	0.984715	-0.171374	-0.0311113	
0.297302	-0.0738131	0.876404	-0.173827	-0.982423	-0.068039	-0.0181241	0.0722706	-0.99722	0.984609	-0.172111	-0.0303681	
0.297078	-0.0741243	0.876665	-0.17451	-0.982295	-0.0681323	-0.017324	0.0722463	-0.997236	0.984503	-0.172848	-0.0296251	
0.296853	-0.0744354	0.876925	-0.175193	-0.982169	-0.0682019	-0.0165283	0.0721976	-0.997253	0.984395	-0.173585	-0.0288821	
0.296628	-0.0747464	0.877185	-0.175875	-0.982044	-0.0682486	-0.0157368	0.0721251	-0.997271	0.984287	-0.174321	-0.0281392	
0.296403	-0.0750573	0.877445	-0.176557	-0.98192	-0.0682731	-0.0149493	0.0720298	-0.99729	0.984177	-0.175058	-0.0273964	
0.296177	-0.0753681	0.877705	-0.177238	-0.981797	-0.0682761	-0.014166	0.0719123	-0.99731	0.984066	-0.175794	-0.0266537	
0.295951	-0.0756789	0.877965	-0.177919	-0.981675	-0.0682582	-0.0133867	0.0717731	-0.997331	0.983954	-0.17653	-0.0259111	
0.295724	-0.0759895	0.878225	-0.1786	-0.981554	-0.0682199	-0.0126113	0.0716127	-0.997353	0.983841	-0.177267	-0.0251687	
0.295497	-0.0763001	0.878484	-0.17928	-0.981434	-0.0681616	-0.0118399	0.0714315	-0.997375	0.983727	-0.178003	-0.0244263	
0.29527	-0.0766106	0.878744	-0.17996	-0.981315	-0.0680834	-0.0110723	0.0712298	-0.997398	0.983612	-0.178738	-0.023684	
0.295043	-0.076921	0.879003	-0.180641	-0.981197	-0.0679857	-0.0103088	0.0710079	-0.997422	0.983495	-0.179474	-0.0229418	
0.294815	-0.0772313	0.879262	-0.181321	-0.981079	-0.0678685	-0.00954917	0.0707657	-0.997447	0.983378	-0.18021	-0.0221998	
0.294586	-0.0775415	0.879521	-0.182001	-0.980963	-0.0677318	-0.00879358	0.0705032	-0.997473	0.983259	-0.180945	-0.0214578	
0.294357	-0.0778516	0.87978	-0.182681	-0.980847	-0.0675754	-0.00804205	0.0702204	-0.997499	0.983139	-0.18168	-0.0207159	
0.294128	-0.0781616	0.880039	-0.183361	-0.980732	-0.0673991	-0.00729469	0.0699171	-0.997526	0.983019	-0.182416	-0.0199742	
0.293899	-0.0784716	0.880297	-0.184041	-0.980619	-0.0672026	-0.00655159	0.0695928	-0.997554	0.982897	-0.183151	-0.0192326	
0.293669	-0.0787814	0.880556	-0.184721	-0.980505	-0.0669855	-0.00581287	0.0692473	-0.997583	0.982774	-0.183886	-0.018491	
0.2935	-0.0786344	0.880845	-0.184755	-0.980539	-0.066402	-0.00512701	0.0685259	-0.997636	0.982771	-0.183978	-0.0176878	
0.293367	-0.0783427	0.881131	-0.18418	-0.980655	-0.066279	-0.0044149	0.0682573	-0.997658	0.982883	-0.183456	-0.0169012	
0.293239	-0.0780236	0.881416	-0.183405	-0.980782	-0.0665494	-0.00365825	0.0683782	-0.997653	0.983031	-0.182731	-0.0161288	
0.293111	-0.0777037	0.881701	-0.182624	-0.98091	-0.0668139	-0.00290357	0.0684945	-0.997647	0.983179	-0.182001	-0.0153569	
0.292982	-0.0773838	0.881985	-0.181843	-0.981038	-0.0670615	-0.00215216	0.0685955	-0.997642	0.983325	-0.18127	-0.0145849	
0.292853	-0.077064	0.882269	-0.181061	-0.981167	-0.0672917	-0.00140408	0.0686804	-0.997638	0.983471	-0.180539	-0.013813	
0.292723	-0.0767441	0.882554	-0.180279	-0.981297	-0.0675037	-0.000659415	0.0687487	-0.997634	0.983615	-0.179808	-0.013041	
0.292593	-0.0764242	0.882838	-0.179496	-0.981427	-0.0676968	8.1739e-05	0.0687996	-0.99763	0.983759	-0.179076	-0.012269	
0.292463	-0.0761043	0.883122	-0.178713	-0.981558	-0.0678703	0.000819296	0.0688324	-0.997628	0.983901	-0.178345	-0.0114971	
0.292332	-0.0757844	0.883406	-0.17793	-0.981689	-0.0680235	0.00155316	0.0688463	-0.997626	0.984042	-0.177613	-0.0107251	
0.292201	-0.0754645	0.883689	-0.177146	-0.981822	-0.0681554	0.00228324	0.0688405	-0.997625	0.984182	-0.176881	-0.0099531	
0.29207	-0.0751446	0.883973	-0.176363	-0.981955	-0.0682653	0.00300943	0.0688142	-0.997625	0.984321	-0.176149	-0.00918112	
0.291938	-0.0748246	0.884256	-0.175579	-0.98209	-0.0683523	0.00373163	0.0687665	-0.997626	0.984458	-0.175417	-0.00840914	
0.291806	-0.0745047	0.88454	-0.174795	-0.982225	-0.0684155	0.00444973	0.0686965	-0.997628	0.984595	-0.174685	-0.00763716	
0.291673	-0.0741847	0.884823	-0.174011	-0.982362	-0.068454	0.00516362	0.0686033	-0.997631	0.98473	-0.173952	-0.00686518	
0.29154	-0.0738648	0.885106	-0.173227	-0.982499	-0.0684668	0.00587319	0.068486	-0.997635	0.984864	-0.173219	-0.00609321	
0.291406	-0.0735448	0.88539	-0.172443	-0.982638	-0.0684528	0.00657834	0.0683435	-0.99764	0.984998	-0.172486	-0.00532124	
0.291272	-0.0732248	0.885673	-0.171659	-0.982778	-0.0684112	0.00727894	0.0681748	-0.997647	0.985129	-0.171753	-0.00454927	
0.291138	-0.0729049	0.885955	-0.170876	-0.98292	-0.0683409	0.00797487	0.067979	-0.997655	0.98526	-0.17102	-0.00377731	
0.291004	-0.0725849	0.886238	-0.170093	-0.983062	-0.0682406	0.00866603	0.0677548	-0.997664	0.98539	-0.170287	-0.00300535	
0.290869	-0.0722649	0.886521	-0.16931	-0.983207	-0.0681095	0.00935229	0.0675013	-0.997675	0.985519	-0.169553	-0.0022334	
0.290733	-0.0719449	0.886803	-0.168527	-0.983352	-0.0679463	0.0100335	0.0672173	-0.997688	0.985646	-0.168819	-0.00146146	
0.290597	-0.0716249	0.887086	-0.167745	-0.9835	-0.0677499	0.0107096	0.0669016	-0.997702	0.985772	-0.168086	-0.000689523	
0.290461	-0.0713049	0.887368	-0.166964	-0.983648	-0.067519	0.0113805	0.0665531	-0.997718	0.985897	-0.167351	8.24018e-05	
0.290325	-0.0709849	0.887651	-0.166183	-0.983799	-0.0672526	0.0120459	0.0661705	-0.997736	0.986021	-0.166617	0.000854316	
0.290188	-0.0706649	0.887933	-0.165404	-0.983951	-0.0669493	0.0127059	0.0657527	-0.997755	0.986144	-0.165883	0.00162622	
0.29005	-0.0703449	0.888215	-0.164625	-0.984105	-0.066608	0.0133602	0.0652984	-0.997776	0.986266	-0.165148	0.00239811	
0.289912	-0.0700249	0.888497	-0.163846	-0.98426	-0.0662273	0.0140088	0.0648063	-0.9978	0.986386	-0.164414	0.00316999	
0.289774	-0.0697049	0.888778	-0.163069	-0.984418	-0.065806	0.0146515	0.0642752	-0.997825	0.986506	-0.163679	0.00394186	
0.289636	-0.0693849	0.88906	-0.162293	-0.984576	-0.0653527	0.0152898	0.0637135	-0.997851	0.986624	-0.162944	0.00471371	
0.289497	-0.0690649	0.889342	-0.161518	-0.984734	-0.0648989	0.015929	0.0631524	-0.997877	0.986741	-0.162209	0.00548555	
0.289358	-0.0687448	0.889623	-0.160743	-0.98489	-0.0644447	0.0165689	0.0625919	-0.997902	0.986857	-0.161473	0.00625737	
0.289218	-0.0684248	0.889904	-0.159968	-0.985046	-0.06399	0.0172097	0.0620319	-0.997926	0.986972	-0.160738	0.00702917	
0.289078	-0.0681048	0.890185	-0.159195	-0.985201	-0.0635349	0.0178512	0.0614726	-0.997949	0.987086	-0.160002	0.00780096	
0.288937	-0.0677848	0.890467	-0.158421	-0.985355	-0.0630794	0.0184936	0.0609138	-0.997972	0.987198	-0.159266	0.00857272	
0.288796	-0.0674648	0.890748	-0.157648	-0.985508	-0.0626234	0.0191368	0.0603556	-0.997993	0.98731	-0.158531	0.00934447	
0.288655	-0.0671448	0.891028	-0.156876	-0.98566	-0.062167	0.0197807	0.0597979	-0.998014	0.98742	-0.157794	0.0101162	
0.288513	-0.0668247	0.891309	-0.156105	-0.985811	-0.0617101	0.0204255	0.0592409	-0.998035	0.987529	-0.157058	0.0108879	
0.288371	-0.0665047	0.89159	-0.155333	-0.985961	-0.0612527	0.0210711	0.0586844	-0.998054	0.987637	-0.156322	0.0116596	
0.288229	-0.0661847	0.89187	-0.154563	-0.986111	-0.060795	0.0217174	0.0581285	-0.998073	0.987744	-0.155585	0.0124313	
0.288086	-0.0658647	0.892151	-0.153793	-0.986259	-0.0603368	0.0223646	0.0575732	-0.998091	0.98785	-0.154849	0.0132029	
0.287943	-0.0655447	0.892431	-0.153024	-0.986407	-0.0598781	0.0230125	0.0570184	-0.998108	0.987955	-0.154112	0.0139745	
0.287799	-0.0652247	0.892711	-0.152255	-0.986554	-0.059419	0.0236612	0.0564643	-0.998124	0.988058	-0.153375	0.0147461	
0.287655	-0.0649047	0.892991	-0.151486	-0.986699	-0.0589595	0.0243107	0.0559107	-0.99814	0.98816	-0.152638	0.0155177	
0.287511	-0.0645847	0.893271	-0.150719	-0.986844	-0.0584995	0.024961	0.0553578	-0.998155	0.988262	-0.151901	0.0162892	
0.287366	-0.0642647	0.893551	-0.149952	-0.986988	-0.0580391	0.0256121	0.0548054	-0.998169	0.988362	-0.151163	0.0170607	
0.287221	-0.0639447	0.893831	-0.149185	-0.987131	-0.0575783	0.026264	0.0542536	-0.998182	0.98846	-0.150426	0.0178322	
0.287075	-0.0636247	0.89411	-0.148419	-0.987274	-0.057117	0.0269167	0.0537024	-0.998194	0.988558	-0.149688	0.0186036	
0.286929	-0.0633047	0.89439	-0.147654	-0.987415	-0.0566554	0.0275701	0.0531518	-0.998206	0.988655	-0.148951	0.0193751	
0.286783	-0.0629847	0.894669	-0.146889	-0.987556	-0.0561932	0.0282243	0.0526018	-0.998217	0.98875	-0.148213	0.0201465	
0.286636	-0.0626647	0.894948	-0.146124	-0.987695	-0.0557307	0.0288793	0.0520524	-0.998227	0.988845	-0.147475	0.0209178	
0.286489	-0.0623447	0.895228	-0.145361	-0.987834	-0.0552677	0.0295351	0.0515036	-0.998236	0.988938	-0.146737	0.0216892	
0.286342	-0.0620248	0.895507	-0.144597	-0.987972	-0.0548043	0.0301916	0.0509553	-0.998244	0.98903	-0.145998	0.0224604	
0.286194	-0.0617048	0.895786	-0.143835	-0.988109	-0.0543404	0.0308489	0.0504077	-0.998252	0.989121	-0.14526	0.0232317	
0.286045	-0.0613849	0.896064	-0.143073	-0.988245	-0.0538762	0.031507	0.0498607	-0.998259	0.989211	-0.144521	0.0240029	
0.285897	-0.0610649	0.896343	-0.142312	-0.98838	-0.0534115	0.0321659	0.0493143	-0.998265	0.989299	-0.143783	0.0247741	
0.285748	-0.060745	0.896622	-0.141551	-0.988514	-0.0529464	0.0328255	0.0487685	-0.998271	0.989387	-0.143044	0.0255453	
0.285598	-0.0604251	0.8969	-0.14079	-0.988647	-0.0524808	0.0334859	0.0482233	-0.998275	0.989473	-0.142305	0.0263164	
0.285448	-0.0601051	0.897178	-0.140031	-0.98878	-0.0520149	0.0341471	0.0476787	-0.998279	0.989558	-0.141566	0.0270875	
0.285298	-0.0597852	0.897456	-0.139272	-0.988912	-0.0515485	0.034809	0.0471347	-0.998282	0.989642	-0.140827	0.0278585	
0.285147	-0.0594653	0.897734	-0.138513	-0.989042	-0.0510817	0.0354717	0.0465913	-0.998284	0.989725	-0.140088	0.0286295	
0.284996	-0.0591454	0.898012	-0.137755	-0.989172	-0.0506145	0.0361351	0.0460485	-0.998285	0.989807	-0.139348	0.0294004	
0.284845	-0.0588255	0.89829	-0.136998	-0.989301	-0.0501469	0.0367994	0.0455064	-0.998286	0.989888	-0.138609	0.0301714	
0.284693	-0.0585056	0.898568	-0.136241	-0.989429	-0.0496789	0.0374643	0.0449648	-0.998286	0.989967	-0.137869	0.0309422	
0.284541	-0.0581858	0.898846	-0.135485	-0.989557	-0.0492104	0.03813	0.0444239	-0.998285	0.990045	-0.137129	0.0317131	
0.284388	-0.0578659	0.899123	-0.13473	-0.989683	-0.0487415	0.0387965	0.0438836	-0.998283	0.990123	-0.136389	0.0324838	
0.284235	-0.0575461	0.8994	-0.133975	-0.989808	-0.0482723	0.0394638	0.0433438	-0.99828	0.990199	-0.135649	0.0332546	
0.284082	-0.0572262	0.899678	-0.13322	-0.989933	-0.0478026	0.0401318	0.0428048	-0.998277	0.990274	-0.134909	0.0340253	
0.283928	-0.0569064	0.899955	-0.132467	-0.990057	-0.0473325	0.0408005	0.0422663	-0.998273	0.990347	-0.134169	0.0347959	
0.283774	-0.0565866	0.900232	-0.131714	-0.99018	-0.046862	0.04147	0.0417284	-0.998268	0.99042	-0.133429	0.0355665	
0.28362	-0.0562668	0.900509	-0.130961	-0.990302	-0.046391	0.0421402	0.0411912	-0.998262	0.990492	-0.132688	0.0363371	
0.283465	-0.055947	0.900785	-0.130209	-0.990423	-0.0459197	0.0428112	0.0406546	-0.998256	0.990562	-0.131948	0.0371076	
0.283309	-0.0556272	0.901062	-0.129458	-0.990543	-0.045448	0.0434829	0.0401186	-0.998248	0.990631	-0.131207	0.037878	
0.283154	-0.0553075	0.901338	-0.128707	-0.990662	-0.0449759	0.0441554	0.0395832	-0.99824	0.990699	-0.130466	0.0386484	
0.282997	-0.0549877	0.901615	-0.127957	-0.990781	-0.0445033	0.0448286	0.0390485	-0.998231	0.990766	-0.129726	0.0394188	
0.282841	-0.054668	0.901891	-0.127207	-0.990898	-0.0440304	0.0455025	0.0385144	-0.998221	0.990832	-0.128985	0.0401891	
0.282684	-0.0543483	0.902167	-0.126458	-0.991015	-0.0435571	0.0461772	0.0379809	-0.998211	0.990897	-0.128244	0.0409593	
0.282527	-0.0540286	0.902443	-0.12571	-0.991131	-0.0430833	0.0468526	0.037448	-0.9982	0.99096	-0.127502	0.0417295	
0.282369	-0.0537089	0.902719	-0.124962	-0.991246	-0.0426092	0.0475288	0.0369158	-0.998187	0.991022	-0.126761	0.0424996	
0.282211	-0.0533892	0.902995	-0.124215	-0.99136	-0.0421347	0.0482057	0.0363842	-0.998175	0.991084	-0.12602	0.0432697	
0.282053	-0.0530695	0.90327	-0.123469	-0.991474	-0.0416597	0.0488833	0.0358533	-0.998161	0.991144	-0.125278	0.0440397	
0.281894	-0.0527499	0.903546	-0.122723	-0.991586	-0.0411844	0.0495617	0.0353229	-0.998146	0.991203	-0.124537	0.0448097	
0.281735	-0.0524302	0.903821	-0.121978	-0.991698	-0.0407087	0.0502407	0.0347932	-0.998131	0.99126	-0.123795	0.0455796	
0.281575	-0.0521106	0.904097	-0.121233	-0.991808	-0.0402326	0.0509205	0.0342642	-0.998115	0.991317	-0.123053	0.0463495	
0.281415	-0.051791	0.904372	-0.120489	-0.991918	-0.0397561	0.0516011	0.0337357	-0.998098	0.991373	-0.122311	0.0471192	
0.281255	-0.0514715	0.904647	-0.119746	-0.992027	-0.0392792	0.0522823	0.033208	-0.99808	0.991427	-0.12157	0.047889	
0.281094	-0.0511519	0.904922	-0.119003	-0.992135	-0.0388019	0.0529643	0.0326808	-0.998061	0.99148	-0.120828	0.0486586	
0.280933	-0.0508324	0.905196	-0.118261	-0.992243	-0.0383243	0.053647	0.0321543	-0.998042	0.991532	-0.120085	0.0494282	
0.280771	-0.0505128	0.905471	-0.117519	-0.992349	-0.0378462	0.0543304	0.0316285	-0.998022	0.991583	-0.119343	0.0501978	
0.280609	-0.0501933	0.905746	-0.116779	-0.992455	-0.0373678	0.0550146	0.0311032	-0.998001	0.991633	-0.118601	0.0509673	
0.280447	-0.0498738	0.90602	-0.116038	-0.992559	-0.036889	0.0556994	0.0305787	-0.997979	0.991682	-0.117859	0.0517367	
0.280284	-0.0495544	0.906294	-0.115299	-0.992663	-0.0364097	0.056385	0.0300547	-0.997957	0.991729	-0.117116	0.052506	
0.280121	-0.0492349	0.906568	-0.11456	-0.992766	-0.0359302	0.0570712	0.0295315	-0.997933	0.991776	-0.116373	0.0532753	
0.279958	-0.0489155	0.906842	-0.113821	-0.992869	-0.0354502	0.0577582	0.0290088	-0.997909	0.991821	-0.115631	0.0540445	
0.279794	-0.0485961	0.907116	-0.113084	-0.99297	-0.0349698	0.0584459	0.0284868	-0.997884	0.991865	-0.114888	0.0548137	
0.27963	-0.0482767	0.90739	-0.112346	-0.99307	-0.0344891	0.0591343	0.0279655	-0.997858	0.991908	-0.114145	0.0555827	
0.279465	-0.0479573	0.907664	-0.11161	-0.99317	-0.034008	0.0598234	0.0274448	-0.997832	0.99195	-0.113402	0.0563517	
0.2793	-0.047638	0.907937	-0.110874	-0.993269	-0.0335265	0.0605133	0.0269248	-0.997804	0.99199	-0.112659	0.0571207	
0.279134	-0.0473186	0.908211	-0.110139	-0.993367	-0.0330447	0.0612038	0.0264054	-0.997776	0.99203	-0.111916	0.0578895	
0.278969	-0.0469993	0.908484	-0.109404	-0.993464	-0.0325624	0.061895	0.0258867	-0.997747	0.992068	-0.111173	0.0586583	
0.278802	-0.0466801	0.908757	-0.10867	-0.99356	-0.0320798	0.0625869	0.0253686	-0.997717	0.992106	-0.11043	0.0594271	
0.278636	-0.0463608	0.90903	-0.107937	-0.993655	-0.0315968	0.0632795	0.0248512	-0.997686	0.992142	-0.109687	0.0601957	
0.278469	-0.0460416	0.909303	-0.107204	-0.99375	-0.0311135	0.0639729	0.0243344	-0.997655	0.992177	-0.108943	0.0609643	
0.278302	-0.0457224	0.909576	-0.106472	-0.993844	-0.0306298	0.0646669	0.0238184	-0.997623	0.992211	-0.1082	0.0617328	
0.278134	-0.0454032	0.909848	-0.105741	-0.993937	-0.0301457	0.0653616	0.0233029	-0.99759	0.992243	-0.107457	0.0625012	
0.277966	-0.045084	0.910121	-0.10501	-0.994029	-0.0296612	0.066057	0.0227881	-0.997556	0.992275	-0.106713	0.0632695	
0.277797	-0.0447649	0.910393	-0.10428	-0.99412	-0.0291764	0.066753	0.022274	-0.997521	0.992305	-0.105969	0.0640378	
0.277628	-0.0444458	0.910665	-0.103551	-0.99421	-0.0286912	0.0674498	0.0217606	-0.997485	0.992334	-0.105226	0.064806	
0.277459	-0.0441267	0.910937	-0.102822	-0.9943	-0.0282057	0.0681473	0.0212478	-0.997449	0.992363	-0.104482	0.0655741	
0.277289	-0.0438076	0.911209	-0.102094	-0.994388	-0.0277198	0.0688454	0.0207357	-0.997412	0.99239	-0.103738	0.0663421	
0.277119	-0.0434886	0.911481	-0.101366	-0.994476	-0.0272466	0.0695456	0.0202373	-0.997373	0.992415	-0.102994	0.0671101	
0.276949	-0.0431696	0.911753	-0.100637	-0.994562	-0.0267908	0.0702482	0.0197573	-0.997334	0.99244	-0.10225	0.0678779	
0.276778	-0.0428506	0.912024	-0.0999069	-0.994648	-0.0263522	0.0709532	0.0192955	-0.997293	0.992464	-0.101506	0.0686457	
0.276607	-0.0425316	0.912296	-0.0991766	-0.994732	-0.0259307	0.0716606	0.0188517	-0.997251	0.992486	-0.100762	0.0694134	
0.276435	-0.0422127	0.912567	-0.0984456	-0.994815	-0.025526	0.0723702	0.0184258	-0.997208	0.992507	-0.100018	0.070181	
0.276263	-0.0418938	0.912838	-0.0977138	-0.994897	-0.0251381	0.073082	0.0180176	-0.997163	0.992528	-0.0992738	0.0709485	
0.27609	-0.0415749	0.913109	-0.0969814	-0.994978	-0.0247667	0.0737961	0.017627	-0.997118	0.992547	-0.0985295	0.071716	
0.275918	-0.0412561	0.91338	-0.0962482	-0.995058	-0.0244117	0.0745122	0.0172538	-0.997071	0.992564	-0.0977852	0.0724833	
0.275744	-0.0409372	0.913651	-0.0955142	-0.995137	-0.0240729	0.0752304	0.0168978	-0.997023	0.992581	-0.0970408	0.0732506	
0.275571	-0.0406185	0.913922	-0.0947794	-0.995215	-0.0237501	0.0759507	0.0165589	-0.996974	0.992597	-0.0962964	0.0740178	
0.275397	-0.0402997	0.914192	-0.0940437	-0.995292	-0.0234433	0.0766728	0.016237	-0.996924	0.992611	-0.0955519	0.0747849	
0.275223	-0.039981	0.914463	-0.0933072	-0.995368	-0.0231522	0.0773969	0.0159319	-0.996873	0.992625	-0.0948074	0.0755519	
0.275048	-0.0396623	0.914733	-0.0925699	-0.995443	-0.0228766	0.0781229	0.0156433	-0.996821	0.992637	-0.0940628	0.0763188	
0.274873	-0.0393436	0.915003	-0.0918316	-0.995518	-0.0226164	0.0788506	0.0153712	-0.996768	0.992648	-0.0933182	0.0770856	
0.274697	-0.039025	0.915273	-0.0910925	-0.995591	-0.0223715	0.0795801	0.0151154	-0.996714	0.992658	-0.0925735	0.0778523	
0.274521	-0.0387063	0.915543	-0.0903524	-0.995664	-0.0221415	0.0803113	0.0148757	-0.996659	0.992666	-0.0918287	0.078619	
0.274345	-0.0383878	0.915813	-0.0896114	-0.995735	-0.0219265	0.0810441	0.014652	-0.996603	0.992674	-0.091084	0.0793855	
0.274168	-0.0380692	0.916082	-0.0888694	-0.995806	-0.0217261	0.0817785	0.0144441	-0.996546	0.99268	-0.0903391	0.0801519	
0.273991	-0.0377507	0.916352	-0.0881264	-0.995876	-0.0215403	0.0825145	0.0142517	-0.996488	0.992686	-0.0895943	0.0809183	
0.273814	-0.0374322	0.916621	-0.0873824	-0.995946	-0.0213689	0.083252	0.0140749	-0.996429	0.99269	-0.0888493	0.0816845	
0.273636	-0.0371138	0.91689	-0.0866374	-0.996014	-0.0212116	0.0839909	0.0139133	-0.996369	0.992693	-0.0881044	0.0824507	
0.273458	-0.0367954	0.917159	-0.0858913	-0.996082	-0.0210683	0.0847312	0.0137668	-0.996309	0.992695	-0.0873594	0.0832168	
0.273279	-0.036477	0.917428	-0.0851442	-0.996149	-0.0209389	0.0854729	0.0136353	-0.996247	0.992696	-0.0866143	0.0839827	
0.2731	-0.0361586	0.917697	-0.084396	-0.996215	-0.0208231	0.0862158	0.0135185	-0.996185	0.992695	-0.0858693	0.0847486	
0.272921	-0.0358403	0.917966	-0.0836467	-0.99628	-0.0207208	0.0869601	0.0134164	-0.996121	0.992694	-0.0851242	0.0855143	
0.272741	-0.035522	0.918234	-0.0828963	-0.996345	-0.0206318	0.0877055	0.0133287	-0.996057	0.992691	-0.084379	0.08628	
0.272561	-0.0352038	0.918503	-0.0821448	-0.996408	-0.0205559	0.0884521	0.0132553	-0.995992	0.992687	-0.0836338	0.0870455	
0.272381	-0.0348856	0.918771	-0.0813922	-0.996471	-0.020493	0.0891998	0.0131959	-0.995926	0.992683	-0.0828886	0.087811	
0.2722	-0.0345674	0.919039	-0.0806384	-0.996534	-0.0204428	0.0899486	0.0131505	-0.99586	0.992677	-0.0821433	0.0885763	
0.272018	-0.0342493	0.919307	-0.0798835	-0.996595	-0.0204053	0.0906983	0.0131188	-0.995792	0.992669	-0.0813981	0.0893416	
0.271837	-0.0339312	0.919575	-0.0791274	-0.996656	-0.0203801	0.0914491	0.0131006	-0.995724	0.992661	-0.0806527	0.0901067	
0.271655	-0.0336131	0.919842	-0.0783701	-0.996716	-0.0203672	0.0922008	0.0130959	-0.995654	0.992652	-0.0799074	0.0908717	
0.271472	-0.0332951	0.92011	-0.0776116	-0.996776	-0.0203663	0.0929534	0.0131043	-0.995584	0.992641	-0.079162	0.0916367	
0.271289	-0.0329771	0.920377	-0.0768519	-0.996834	-0.0203773	0.0937069	0.0131258	-0.995513	0.992629	-0.0784166	0.0924015	
0.271106	-0.0326591	0.920645	-0.076091	-0.996892	-0.0203999	0.0944611	0.0131602	-0.995442	0.992616	-0.0776712	0.0931662	
0.270922	-0.0323412	0.920912	-0.0753289	-0.996949	-0.0204341	0.0952162	0.0132072	-0.995369	0.992602	-0.0769257	0.0939308	
0.270738	-0.0320233	0.921179	-0.0745655	-0.997006	-0.0204796	0.0959719	0.0132668	-0.995296	0.992587	-0.0761802	0.0946953	
0.270554	-0.0317055	0.921446	-0.073801	-0.997062	-0.0205362	0.0967283	0.0133387	-0.995221	0.992571	-0.0754347	0.0954597	
0.270369	-0.0313877	0.921713	-0.0730351	-0.997117	-0.0206038	0.0974854	0.0134227	-0.995146	0.992554	-0.0746892	0.0962239	
0.270184	-0.0310699	0.921979	-0.072268	-0.997171	-0.0206822	0.098243	0.0135187	-0.995071	0.992535	-0.0739437	0.0969881	
0.269999	-0.0307522	0.922246	-0.0714996	-0.997224	-0.0207711	0.0990012	0.0136264	-0.994994	0.992515	-0.0731981	0.0977521	
0.269813	-0.0304345	0.922512	-0.07073	-0.997277	-0.0208705	0.0997599	0.0137458	-0.994917	0.992494	-0.0724525	0.0985161	
0.269626	-0.0301169	0.922778	-0.0699575	-0.997329	-0.0209955	0.10052	0.013892	-0.994838	0.992472	-0.0717069	0.0992799	
0.26944	-0.0297993	0.923044	-0.0691824	-0.99738	-0.0211436	0.101282	0.0140626	-0.994758	0.992449	-0.0709613	0.100044	
0.269253	-0.0294817	0.92331	-0.0684049	-0.99743	-0.0213122	0.102045	0.0142551	-0.994678	0.992425	-0.0702156	0.100807	
0.269065	-0.0291642	0.923576	-0.0676252	-0.997479	-0.0214991	0.102808	0.014467	-0.994596	0.9924	-0.06947	0.101571	
0.268877	-0.0288467	0.923842	-0.0668434	-0.997527	-0.021702	0.103572	0.0146961	-0.994513	0.992373	-0.0687243	0.102334	
0.268689	-0.0285293	0.924107	-0.0660597	-0.997575	-0.0219185	0.104337	0.0149402	-0.99443	0.992346	-0.0679787	0.103097	
0.2685	-0.0282119	0.924372	-0.0652744	-0.997622	-0.0221467	0.105102	0.0151971	-0.994345	0.992317	-0.067233	0.10386	
0.268311	-0.0278945	0.924638	-0.0644876	-0.997667	-0.0223845	0.105868	0.0154649	-0.99426	0.992287	-0.0664873	0.104623	
0.268144	-0.0275771	0.924857	-0.0636997	-0.997713	-0.0226283	0.106552	0.0157453	-0.994182	0.992265	-0.0657402	0.105306	
0.268038	-0.0272596	0.924947	-0.062911	-0.997757	-0.0228729	0.107009	0.0160426	-0.994129	0.992266	-0.0649892	0.10576	
0.268029	-0.0269431	0.924946	-0.0621245	-0.997801	-0.0231134	0.107247	0.0163503	-0.994098	0.99229	-0.0642367	0.105995	
0.268068	-0.0266274	0.92492	-0.0613397	-0.997844	-0.023352	0.107402	0.0166616	-0.994076	0.992322	-0.0634844	0.106149	
0.268121	-0.0263123	0.924894	-0.0605577	-0.997886	-0.0235908	0.107504	0.0169764	-0.99406	0.992359	-0.0627341	0.106248	
0.26817	-0.0259975	0.924881	-0.0597777	-0.997927	-0.0238306	0.107592	0.0172929	-0.994045	0.992396	-0.0619857	0.106335	
0.26821	-0.0256828	0.92488	-0.0589997	-0.997968	-0.0240715	0.107664	0.0176115	-0.994031	0.992435	-0.0612392	0.106406	
0.268233	-0.0253683	0.92489	-0.0582244	-0.998007	-0.0243129	0.107722	0.0179311	-0.994019	0.992475	-0.0604952	0.106463	
0.268204	-0.0256267	0.9249	-0.0587128	-0.997975	-0.0244588	0.107767	0.0180215	-0.994013	0.992441	-0.0609971	0.10649	
0.268153	-0.0259395	0.924916	-0.0594745	-0.997935	-0.0242396	0.107784	0.0177208	-0.994016	0.992394	-0.0617312	0.106507	
0.268082	-0.0262536	0.924937	-0.0602504	-0.997895	-0.0240011	0.107786	0.0174001	-0.994022	0.992347	-0.0624772	0.10651	
0.267987	-0.0265675	0.924964	-0.0610278	-0.997853	-0.023765	0.107777	0.0170823	-0.994028	0.9923	-0.0632247	0.106503	
0.267864	-0.0268811	0.924997	-0.0618068	-0.997811	-0.0235318	0.107757	0.016768	-0.994036	0.992254	-0.0639739	0.106485	
0.267716	-0.0271945	0.925036	-0.0625868	-0.997767	-0.0233016	0.107736	0.0164567	-0.994043	0.992208	-0.0647244	0.106465	
0.267569	-0.0275078	0.925072	-0.0633669	-0.997724	-0.0230723	0.107711	0.0161466	-0.994051	0.992161	-0.065475	0.106442	
0.267423	-0.0278211	0.925108	-0.0641469	-0.997679	-0.0228444	0.107684	0.0158379	-0.994059	0.992114	-0.0662257	0.106418	
0.267276	-0.0281344	0.925143	-0.0649268	-0.997634	-0.0226182	0.107655	0.0155311	-0.994067	0.992066	-0.0669765	0.106392	
0.267129	-0.0284476	0.925176	-0.0657066	-0.997588	-0.022394	0.107624	0.0152264	-0.994075	0.992018	-0.0677274	0.106364	
0.266983	-0.0287607	0.92521	-0.0664863	-0.997541	-0.0221722	0.107593	0.0149242	-0.994083	0.991969	-0.0684785	0.106336	
0.266837	-0.0290739	0.925242	-0.0672658	-0.997494	-0.0219532	0.10756	0.014625	-0.994091	0.99192	-0.0692296	0.106306	
0.26669	-0.029387	0.925275	-0.068045	-0.997445	-0.0217376	0.107526	0.0143293	-0.994099	0.991871	-0.0699808	0.106276	
0.266544	-0.0297	0.925306	-0.0688239	-0.997397	-0.0215258	0.10749	0.0140376	-0.994107	0.991821	-0.0707322	0.106244	
0.266398	-0.030013	0.925337	-0.0696025	-0.997347	-0.0213184	0.107454	0.0137503	-0.994115	0.991771	-0.0714836	0.106212	
0.266251	-0.030326	0.925367	-0.0703806	-0.997297	-0.021116	0.107417	0.0134682	-0.994123	0.99172	-0.0722352	0.106179	
0.266105	-0.030639	0.925397	-0.0711582	-0.997246	-0.0209192	0.107379	0.0131918	-0.994131	0.991668	-0.0729869	0.106145	
0.265959	-0.0309519	0.925427	-0.0719353	-0.997194	-0.0207287	0.107341	0.0129219	-0.994138	0.991617	-0.0737386	0.10611	
0.265812	-0.0312647	0.925456	-0.0727116	-0.997141	-0.0205452	0.107301	0.012659	-0.994146	0.991564	-0.0744905	0.106074	
0.265666	-0.0315776	0.925484	-0.0734873	-0.997088	-0.0203693	0.107262	0.012404	-0.994153	0.991511	-0.0752425	0.106038	
0.265519	-0.0318903	0.925512	-0.0742621	-0.997034	-0.020202	0.107222	0.0121576	-0.994161	0.991458	-0.0759946	0.106001	
0.265373	-0.0322031	0.92554	-0.0750361	-0.996979	-0.0200439	0.107181	0.0119205	-0.994168	0.991404	-0.0767468	0.105963	
0.265226	-0.0325158	0.925567	-0.075809	-0.996924	-0.0198959	0.107141	0.0116937	-0.994175	0.991349	-0.0774991	0.105925	
0.265079	-0.0328285	0.925594	-0.0765809	-0.996868	-0.0197589	0.107101	0.011478	-0.994182	0.991295	-0.0782515	0.105886	
0.264932	-0.0331411	0.925621	-0.0773515	-0.996811	-0.0196338	0.10706	0.0112743	-0.994189	0.991239	-0.079004	0.105847	
0.264785	-0.0334537	0.925647	-0.0781209	-0.996753	-0.0195214	0.10702	0.0110835	-0.994195	0.991183	-0.0797566	0.105807	
0.264638	-0.0337662	0.925673	-0.0788889	-0.996694	-0.0194228	0.106981	0.0109066	-0.994201	0.991126	-0.0805094	0.105767	
0.264491	-0.0340787	0.925699	-0.0796555	-0.996635	-0.0193389	0.106942	0.0107445	-0.994207	0.991069	-0.0812622	0.105726	
0.264344	-0.0343912	0.925725	-0.0804204	-0.996575	-0.0192707	0.106904	0.0105982	-0.994213	0.991012	-0.0820151	0.105685	
0.264196	-0.0347036	0.92575	-0.0811837	-0.996514	-0.0192193	0.106866	0.0104688	-0.994218	0.990953	-0.0827682	0.105644	
0.264049	-0.035016	0.925775	-0.0819451	-0.996452	-0.0191857	0.10683	0.0103574	-0.994223	0.990895	-0.0835213	0.105602	
0.263901	-0.0353283	0.9258	-0.0827046	-0.99639	-0.019171	0.106795	0.0102649	-0.994228	0.990835	-0.0842746	0.105561	
0.263753	-0.0356406	0.925825	-0.083462	-0.996326	-0.0191763	0.106762	0.0101926	-0.994232	0.990775	-0.0850279	0.105519	
0.263604	-0.0359529	0.92585	-0.0842173	-0.996262	-0.0192028	0.10673	0.0101415	-0.994236	0.990715	-0.0857814	0.105477	
0.263456	-0.0362651	0.925875	-0.0849703	-0.996197	-0.0192516	0.1067	0.0101128	-0.99424	0.990654	-0.086535	0.105435	
0.263307	-0.0365773	0.9259	-0.0857209	-0.996132	-0.0193238	0.106672	0.0101076	-0.994243	0.990592	-0.0872887	0.105393	
0.263158	-0.0368894	0.925924	-0.0864689	-0.996065	-0.0194207	0.106647	0.0101272	-0.994245	0.99053	-0.0880425	0.105352	
0.263008	-0.0372015	0.925949	-0.0872143	-0.995998	-0.0195435	0.106624	0.0101727	-0.994247	0.990467	-0.0887964	0.10531	
0.262859	-0.0375136	0.925974	-0.0879569	-0.99593	-0.0196934	0.106603	0.0102453	-0.994249	0.990404	-0.0895504	0.105268	
0.262709	-0.0378256	0.925999	-0.0886966	-0.99586	-0.0198716	0.106586	0.0103463	-0.99425	0.99034	-0.0903046	0.105227	
0.262559	-0.0381375	0.926024	-0.0894332	-0.99579	-0.0200794	0.106572	0.010477	-0.99425	0.990275	-0.0910588	0.105186	
0.262408	-0.0384495	0.92605	-0.0901666	-0.995719	-0.020318	0.106561	0.0106385	-0.994249	0.990209	-0.0918132	0.105146	
0.262257	-0.0387613	0.926075	-0.0908967	-0.995647	-0.0205888	0.106554	0.0108322	-0.994248	0.990143	-0.0925677	0.105105	
0.262106	-0.0390732	0.926101	-0.0916234	-0.995575	-0.0208931	0.106551	0.0110593	-0.994246	0.990077	-0.0933223	0.105066	
0.261954	-0.039385	0.926127	-0.0923464	-0.995501	-0.0212321	0.106551	0.0113211	-0.994243	0.99001	-0.094077	0.105027	
0.261802	-0.0396967	0.926153	-0.0930657	-0.995425	-0.0216071	0.106557	0.011619	-0.994239	0.989942	-0.0948319	0.104988	
0.261649	-0.0400085	0.92618	-0.0937811	-0.995349	-0.0220195	0.106567	0.0119542	-0.994234	0.989873	-0.0955868	0.10495	
0.261496	-0.0403201	0.926207	-0.0944924	-0.995272	-0.0224706	0.106582	0.0123281	-0.994228	0.989804	-0.0963419	0.104913	
0.261343	-0.0406318	0.926234	-0.0951996	-0.995193	-0.0229618	0.106602	0.0127419	-0.99422	0.989734	-0.0970971	0.104876	
0.261189	-0.0409433	0.926262	-0.0959025	-0.995113	-0.0234944	0.106627	0.013197	-0.994211	0.989663	-0.0978525	0.10484	
0.261035	-0.0412549	0.92629	-0.0966045	-0.995033	-0.0240358	0.106655	0.013661	-0.994202	0.989592	-0.0986079	0.104806	
0.26088	-0.0415664	0.926319	-0.0973066	-0.994951	-0.0245775	0.106685	0.014125	-0.994193	0.98952	-0.0993635	0.104772	
0.260724	-0.0418779	0.926348	-0.0980088	-0.994868	-0.0251195	0.106716	0.0145892	-0.994182	0.989447	-0.100119	0.104739	
0.260569	-0.0421893	0.926378	-0.098711	-0.994785	-0.0256618	0.106749	0.0150534	-0.994172	0.989374	-0.100875	0.104707	
0.260412	-0.0425007	0.926408	-0.0994133	-0.994701	-0.0262044	0.106784	0.0155178	-0.994161	0.9893	-0.101631	0.104676	
0.260255	-0.042812	0.926439	-0.100116	-0.994616	-0.0267472	0.106821	0.0159823	-0.99415	0.989225	-0.102387	0.104646	
0.260097	-0.0431233	0.926471	-0.100818	-0.994531	-0.0272904	0.10686	0.0164469	-0.994138	0.989149	-0.103143	0.104618	
0.259939	-0.0434345	0.926503	-0.101521	-0.994444	-0.0278338	0.106901	0.0169116	-0.994126	0.989073	-0.1039	0.10459	
0.25978	-0.0437457	0.926536	-0.102223	-0.994357	-0.0283775	0.106944	0.0173763	-0.994113	0.988996	-0.104656	0.104564	
0.259621	-0.0440569	0.926569	-0.102926	-0.994268	-0.0289215	0.106989	0.0178411	-0.9941	0.988918	-0.105413	0.10454	
0.259461	-0.044368	0.926604	-0.103629	-0.994179	-0.0294658	0.107037	0.018306	-0.994087	0.98884	-0.10617	0.104517	
0.2593	-0.0446791	0.926639	-0.104332	-0.99409	-0.0300104	0.107086	0.018771	-0.994073	0.988761	-0.106927	0.104495	
0.259139	-0.0449901	0.926675	-0.105034	-0.993999	-0.0305553	0.107138	0.019236	-0.994058	0.988681	-0.107684	0.104475	
0.258977	-0.0453011	0.926712	-0.105737	-0.993908	-0.0311005	0.107193	0.0197011	-0.994043	0.9886	-0.108441	0.104456	
0.258814	-0.0456121	0.92675	-0.10644	-0.993815	-0.0316461	0.107249	0.0201661	-0.994028	0.988518	-0.109199	0.104439	
0.25865	-0.045923	0.926789	-0.107143	-0.993722	-0.0321919	0.107308	0.0206313	-0.994012	0.988436	-0.109956	0.104424	
0.258486	-0.0462338	0.926828	-0.107846	-0.993628	-0.0327381	0.10737	0.0210964	-0.993995	0.988353	-0.110714	0.104411	
0.258321	-0.0465446	0.926869	-0.10855	-0.993534	-0.0332845	0.107434	0.0215616	-0.993978	0.988269	-0.111472	0.104399	
0.258155	-0.0468554	0.926911	-0.109253	-0.993438	-0.0338313	0.107501	0.0220268	-0.993961	0.988184	-0.11223	0.104389	
0.257989	-0.0471661	0.926953	-0.109956	-0.993342	-0.0343784	0.107571	0.0224919	-0.993943	0.988098	-0.112988	0.104381	
0.257822	-0.0474768	0.926997	-0.110659	-0.993245	-0.0349259	0.107643	0.0229571	-0.993925	0.988012	-0.113747	0.104375	
0.257653	-0.0477875	0.927042	-0.111363	-0.993147	-0.0354737	0.107718	0.0234222	-0.993906	0.987925	-0.114505	0.104371	
0.257484	-0.0480981	0.927088	-0.112066	-0.993048	-0.0360218	0.107796	0.0238874	-0.993886	0.987837	-0.115264	0.104369	
0.257315	-0.0484086	0.927135	-0.112769	-0.992948	-0.0365702	0.107876	0.0243525	-0.993866	0.987748	-0.116023	0.104369	
0.257144	-0.0487191	0.927183	-0.113473	-0.992847	-0.037119	0.10796	0.0248175	-0.993845	0.987658	-0.116782	0.104372	
0.256973	-0.0490296	0.927233	-0.114176	-0.992746	-0.0376681	0.108046	0.0252826	-0.993824	0.987568	-0.117541	0.104376	
0.2568	-0.04934	0.927283	-0.11488	-0.992644	-0.0382176	0.108136	0.0257475	-0.993803	0.987476	-0.1183	0.104383	
0.256627	-0.0496504	0.927335	-0.115583	-0.992541	-0.0387674	0.108229	0.0262124	-0.99378	0.987384	-0.11906	0.104392	
0.256453	-0.0499607	0.927388	-0.116287	-0.992437	-0.0393176	0.108324	0.0266772	-0.993758	0.987291	-0.11982	0.104403	
0.256278	-0.050271	0.927443	-0.11699	-0.992333	-0.0398681	0.108423	0.027142	-0.993734	0.987197	-0.12058	0.104416	
0.256102	-0.0505813	0.927499	-0.117694	-0.992227	-0.040419	0.108525	0.0276067	-0.99371	0.987102	-0.12134	0.104432	
0.255925	-0.0508915	0.927556	-0.118397	-0.992121	-0.0409703	0.10863	0.0280712	-0.993686	0.987006	-0.1221	0.104451	
0.255747	-0.0512016	0.927614	-0.119101	-0.992014	-0.0415219	0.108739	0.0285357	-0.993661	0.98691	-0.122861	0.104472	
0.255568	-0.0515118	0.927674	-0.119804	-0.991906	-0.0420739	0.108851	0.0290001	-0.993635	0.986812	-0.123621	0.104495	
0.255394	-0.0518218	0.927723	-0.120508	-0.991797	-0.0426253	0.108944	0.0294661	-0.993611	0.986716	-0.124382	0.104499	
