8.42004
0.0946011
0.0671013
0.0672773
0.0669232
0.0664772
0.0659475
0.0653342
0.0646374
0.0638574
0.0629943
0.0620482
0.0610194
0.059908
0.0587144
0.0574387
0.0560813
0.0546424
0.0531223
0.0515214
0.0498401
0.0480786
0.0462374
0.0443169
0.0423175
0.0402397
0.0380841
0.0358511
0.0335414
0.0311556
0.0286945
0.0261589
0.0235499
0.020869
0.0181183
0.0153009
0.0124229
0.00949723
0.00656006
0.00376416
0.00222366
0.00408905
0.00713215
0.0104293
0.01385
0.0173617
0.0209523
0.0246161
0.0283498
0.0321513
0.036019
0.0399516
0.043948
0.0480072
0.0521282
0.0563102
0.0605521
0.0648533
0.0692129
0.0736299
0.0781037
0.0826332
0.0872177
0.0918564
0.0965485
0.101293
0.106089
0.110936
0.115833
0.120779
0.125773
0.130814
0.135902
0.141036
0.146214
0.151437
0.156702
0.16201
0.167359
0.172748
0.178178
0.183645
0.189151
0.194694
0.200273
0.205887
0.211535
0.217217
0.222932
0.228679
0.234456
0.240264
0.246101
0.251967
0.25786
0.263779
0.269725
0.275696
0.281691
0.287709
0.0161556
0.000906878
5.09217e-05
2.86071e-06
1.60843e-07
9.05474e-09
5.10781e-10
2.87175e-11
1.64282e-12
1.37532e-13
1.71797e-13
1.85598e-13
7.13839e-14
7.53835e-14
9.66191e-14
6.67939e-13
4.17195e-13
9.13714e-14
1.12488e-13
8.27403e-13
1.89144e-13
2.13999e-13
2.63823e-13
9.42267e-14
3.83299e-13
3.05243e-13
5.70278e-13
5.81435e-13
6.23488e-13
5.92436e-13
2.2237e-13
2.33529e-13
2.41358e-13
3.2551e-13
1.27216e-13
8.28053e-14
4.56857e-14
1.82943e-13
2.68722e-13
6.33664e-13
1.90626e-13
7.42392e-14
1.67105e-13
2.77895e-13
9.10281e-13
2.75079e-13
4.84713e-13
7.32486e-13
7.43797e-13
6.37614e-13
5.18143e-13
1.0625e-12
1.3222e-12
2.52453e-13
5.39662e-13
4.01713e-13
5.39662e-13
3.825e-13
2.62087e-13
5.05269e-13
3.51858e-13
1.42768e-13
5.63048e-13
5.90451e-13
1.66298e-13
3.59831e-13
2.51676e-13
5.10781e-14
6.12938e-13
4.56857e-13
6.08264e-13
1.53234e-13
1.97019e-13
3.61098e-13
4.9205e-13
9.20824e-14
5.08229e-13
4.64537e-13
5.48496e-13
6.09369e-13
4.17819e-13
7.35424e-13
7.13633e-13
4.71505e-13
1.39445e-13
5.21022e-13
1.04835e-13
5.16654e-13
1.97019e-13
3.16726e-13
1.82743e-13
1.00054e-12
2.35337e-13
1.63155e-13
2.70054e-13
5.45485e-13
4.82352e-13
2.32952e-13
3.14089e-14
6.37614e-13
0.333103
0.309642
0.306011
0.301354
0.296811
0.292322
0.287891
0.283518
0.279206
0.274955
0.270765
0.266639
0.262576
0.258578
0.254646
0.25078
0.246983
0.243253
0.239594
0.236004
0.232486
0.22904
0.225668
0.222369
0.219145
0.215996
0.212924
0.20993
0.207013
0.204175
0.201417
0.198739
0.196142
0.193627
0.191195
0.188846
0.186581
0.1844
0.182304
0.180294
0.178371
0.176534
0.174786
0.173125
0.171552
0.170069
0.168676
0.167372
0.166159
0.165037
0.164006
0.163067
0.162219
0.161465
0.160802
0.160233
0.159757
0.159374
0.159086
0.158891
0.15879
0.158783
0.15887
0.159052
0.159329
0.1597
0.160166
0.160726
0.161381
0.162131
0.162975
0.163913
0.164946
0.166073
0.167294
0.168609
0.170018
0.17152
0.173115
0.174804
0.176585
0.178458
0.180423
0.18248
0.184628
0.186867
0.189197
0.191616
0.194126
0.196724
0.19941
0.202185
0.205048
0.207997
0.211032
0.214154
0.21736
0.220651
0.224026
0.227484
0.00884585
0.000344701
1.34813e-05
5.29325e-07
2.08716e-08
8.27177e-10
3.306e-11
1.2806e-12
4.67394e-13
3.30618e-13
2.48764e-13
2.33093e-13
1.43879e-13
1.7434e-13
1.24513e-13
1.7978e-13
1.67105e-13
1.43224e-13
1.7434e-13
1.65912e-13
1.4519e-13
1.73967e-13
1.25148e-13
1.79378e-13
1.66696e-13
1.43224e-13
1.7434e-13
1.65912e-13
1.4519e-13
1.73967e-13
1.25148e-13
1.79378e-13
1.66696e-13
1.43224e-13
1.7434e-13
1.65912e-13
1.4519e-13
1.73967e-13
1.25148e-13
1.79378e-13
1.66696e-13
1.43224e-13
1.7434e-13
1.65912e-13
1.4519e-13
1.73967e-13
1.25148e-13
1.79378e-13
1.66696e-13
1.43224e-13
1.7434e-13
1.65912e-13
1.4519e-13
1.73967e-13
1.25148e-13
1.79378e-13
1.66696e-13
1.43224e-13
1.7434e-13
1.65912e-13
1.4519e-13
1.73967e-13
1.25148e-13
1.79378e-13
1.66696e-13
1.43224e-13
1.7434e-13
1.65912e-13
1.4519e-13
1.73967e-13
1.25148e-13
1.79378e-13
1.66696e-13
1.43224e-13
1.7434e-13
1.65912e-13
1.4519e-13
1.73967e-13
1.25148e-13
1.79378e-13
1.66696e-13
1.43224e-13
1.7434e-13
1.65912e-13
1.4519e-13
1.73967e-13
1.25148e-13
1.79378e-13
1.66696e-13
1.43224e-13
1.7434e-13
1.65912e-13
1.4519e-13
1.73967e-13
1.25148e-13
1.79378e-13
1.66696e-13
1.43224e-13
1.7434e-13
1.65912e-13
0.219363
0.211144
0.211648
0.211893
0.21222
0.212616
0.21308
0.213614
0.214216
0.214887
0.215627
0.216435
0.217311
0.218256
0.219269
0.220349
0.221497
0.222712
0.223995
0.225344
0.22676
0.228242
0.22979
0.231404
0.233084
0.234828
0.236638
0.238512
0.24045
0.242451
0.244516
0.246644
0.248834
0.251087
0.253401
0.255777
0.258213
0.26071
0.263266
0.265882
0.268557
0.271291
0.274082
0.276931
0.279836
0.282798
0.285816
0.28889
0.292017
0.295199
0.298435
0.301724
0.305065
0.308458
0.311902
0.315397
0.318942
0.322536
0.32618
0.329871
0.33361
0.337396
0.341228
0.345105
0.349028
0.352995
0.357005
0.361059
0.365155
0.369292
0.37347
0.377689
0.381948
0.386245
0.39058
0.394953
0.399363
0.403809
0.408291
0.412807
0.417358
0.421942
0.426559
0.431207
0.435887
0.440598
0.445339
0.450108
0.454907
0.459733
0.464587
0.469467
0.474372
0.479303
0.484259
0.489238
0.49424
0.499264
0.504311
0.509378
0.0525532
