56.7291
39.48
22.3033
5.39421
0.0747773
0.0629971
0.0627564
0.062149
0.0614534
0.0606746
0.0598127
0.058868
0.0578407
0.0567309
0.055539
0.0542651
0.0529096
0.0514728
0.0499549
0.0483563
0.0466773
0.0449183
0.0430798
0.0411621
0.0391658
0.0370912
0.0349389
0.0327096
0.0304037
0.0280222
0.0255659
0.0230357
0.0204333
0.0177605
0.0150208
0.0122199
0.00937073
0.00650881
0.00378053
0.00221704
0.00394591
0.00689989
0.010119
0.013465
0.0169034
0.0204219
0.0240144
0.0276777
0.0314095
0.0352081
0.0390724
0.0430011
0.0469934
0.0510481
0.0551645
0.0593417
0.0635788
0.067875
0.0722294
0.0766412
0.0811096
0.0856338
0.0902128
0.0948459
0.0995323
0.104271
0.109061
0.113902
0.118793
0.123733
0.128721
0.133757
0.138839
0.143966
0.149138
0.154354
0.159614
0.164915
0.170257
0.17564
0.181063
0.186524
0.192023
0.197559
0.203131
0.208739
0.21438
0.220055
0.225763
0.231503
0.237274
0.243074
0.248904
0.254763
0.260649
0.266561
0.2725
0.278463
0.284451
0.290462
0.0164737
0.000934
5.29707e-05
3.00571e-06
1.70695e-07
9.70615e-09
5.52824e-10
3.16824e-11
1.93022e-12
2.20159e-13
2.8353e-13
1.51334e-13
3.71196e-14
4.51146e-13
1.08503e-13
2.1977e-13
2.89167e-13
4.64818e-14
1.17729e-13
1.41765e-13
2.80828e-13
3.31529e-13
3.20004e-13
1.37324e-13
1.85598e-13
1.60002e-13
1.93828e-13
6.88141e-13
2.75434e-13
2.34139e-13
2.58201e-13
1.55348e-13
3.90339e-13
2.7873e-13
1.37087e-13
2.79825e-13
1.80069e-13
3.6833e-13
3.34272e-13
4.87923e-13
3.95907e-13
2.84749e-13
1.10882e-13
1.10882e-13
9.57289e-14
1.99221e-13
2.22718e-13
3.84997e-13
6.12938e-13
3.88171e-13
3.82276e-13
5.29166e-13
3.0892e-13
2.97012e-13
1.94164e-13
3.71196e-13
1.33684e-13
3.24369e-13
3.37186e-13
1.82117e-13
2.70823e-13
5.10781e-14
1.38507e-13
1.60815e-13
3.825e-13
2.12009e-13
1.51334e-13
2.23886e-13
1.31253e-13
4.25055e-13
2.83831e-13
7.53835e-14
5.50128e-13
3.29444e-13
1.53048e-13
1.58079e-13
1.61624e-13
1.09885e-13
6.87661e-14
6.32318e-13
5.71071e-14
7.31328e-14
3.9975e-14
5.71071e-15
2.97957e-13
9.45722e-14
6.69713e-13
2.38093e-13
2.58201e-13
4.07276e-13
9.70821e-14
4.60412e-14
1.76779e-13
3.71196e-13
5.87288e-13
1.85598e-13
1.33684e-13
2.49774e-13
2.51336e-13
2.74842e-13
0.336513
0.312673
0.30908
0.304427
0.299891
0.295408
0.290983
0.286617
0.28231
0.278065
0.273881
0.26976
0.265703
0.26171
0.257783
0.253923
0.25013
0.246406
0.242751
0.239167
0.235653
0.232212
0.228844
0.225549
0.222329
0.219185
0.216117
0.213126
0.210213
0.207379
0.204624
0.20195
0.199356
0.196844
0.194415
0.192069
0.189806
0.187628
0.185535
0.183528
0.181606
0.179772
0.178025
0.176366
0.174796
0.173314
0.171922
0.17062
0.169409
0.168288
0.167258
0.16632
0.165473
0.164719
0.164058
0.163489
0.163013
0.162631
0.162342
0.162148
0.162047
0.16204
0.162127
0.162309
0.162585
0.162955
0.16342
0.16398
0.164634
0.165382
0.166225
0.167163
0.168194
0.16932
0.170539
0.171852
0.173259
0.174759
0.176353
0.178039
0.179818
0.181689
0.183651
0.185706
0.187852
0.190088
0.192415
0.194831
0.197338
0.199933
0.202616
0.205388
0.208247
0.211193
0.214225
0.217343
0.220545
0.223833
0.227204
0.230658
0.00909631
0.000359489
1.42594e-05
5.6785e-07
2.27098e-08
9.12539e-10
3.69642e-11
1.02716e-12
2.13686e-13
1.43174e-13
1.38507e-13
1.37371e-13
1.37124e-13
1.37064e-13
1.37059e-13
1.37059e-13
1.37059e-13
1.37059e-13
1.37059e-13
1.37059e-13
1.37059e-13
1.37059e-13
1.37059e-13
1.37059e-13
1.37059e-13
1.37059e-13
1.37059e-13
1.37059e-13
1.37059e-13
1.37059e-13
1.37059e-13
1.37059e-13
1.37059e-13
1.37059e-13
1.37059e-13
1.37059e-13
1.37059e-13
1.37059e-13
1.37059e-13
1.37059e-13
1.37059e-13
1.37059e-13
1.37059e-13
1.37059e-13
1.37059e-13
1.37059e-13
1.37059e-13
1.37059e-13
1.37059e-13
1.37059e-13
1.37059e-13
1.37059e-13
1.37059e-13
1.37059e-13
1.37059e-13
1.37059e-13
1.37059e-13
1.37059e-13
1.37059e-13
1.37059e-13
1.37059e-13
1.37059e-13
1.37059e-13
1.37059e-13
1.37059e-13
1.37059e-13
1.37059e-13
1.37059e-13
1.37059e-13
1.37059e-13
1.37059e-13
1.37059e-13
1.37059e-13
1.37059e-13
1.37059e-13
1.37059e-13
1.37059e-13
1.37059e-13
1.37059e-13
1.37059e-13
1.37059e-13
1.37059e-13
1.37059e-13
1.37059e-13
1.37059e-13
1.37059e-13
1.37059e-13
1.37059e-13
1.37059e-13
1.37059e-13
1.37059e-13
1.37059e-13
1.37059e-13
1.37059e-13
1.37059e-13
1.37059e-13
1.37059e-13
1.37059e-13
1.37059e-13
1.37059e-13
0.222453
0.213997
0.214515
0.214759
0.215085
0.21548
0.215944
0.216477
0.217078
0.217748
0.218487
0.219294
0.22017
0.221113
0.222124
0.223204
0.22435
0.225564
0.226845
0.228193
0.229607
0.231087
0.232634
0.234246
0.235923
0.237666
0.239473
0.241345
0.24328
0.245279
0.247342
0.249467
0.251655
0.253905
0.256217
0.258589
0.261023
0.263517
0.26607
0.268683
0.271355
0.274085
0.276873
0.279719
0.282621
0.285579
0.288594
0.291663
0.294788
0.297966
0.301198
0.304483
0.30782
0.311209
0.314649
0.31814
0.321681
0.325271
0.32891
0.332597
0.336332
0.340113
0.34394
0.347814
0.351732
0.355694
0.3597
0.363748
0.36784
0.371972
0.376146
0.38036
0.384613
0.388905
0.393236
0.397604
0.402008
0.406449
0.410926
0.415437
0.419982
0.424561
0.429172
0.433815
0.43849
0.443195
0.44793
0.452694
0.457487
0.462307
0.467155
0.47203
0.47693
0.481855
0.486804
0.491777
0.496774
0.501792
0.506832
0.511894
0.0530986
