71.9774
70.0971
68.409
66.9331
65.6837
64.6742
63.9159
63.4179
63.1866
63.225
63.5325
64.1055
64.9371
66.0174
67.3348
68.8755
70.6251
72.5686
74.6908
76.9771
79.4134
81.9863
84.6835
87.4934
90.4058
93.4109
96.5003
99.6661
102.901
106.237
109.633
113.045
116.472
119.913
123.365
126.83
130.3
133.77
137.236
140.7
144.16
147.618
151.072
154.524
157.973
161.418
164.86
168.3
171.736
175.168
178.598
182.024
185.447
188.866
192.282
195.695
199.104
202.51
205.911
209.31
212.704
216.095
219.482
222.866
226.245
229.621
232.993
236.361
239.724
243.084
246.44
249.791
253.139
256.482
259.821
263.156
266.486
269.812
273.134
276.451
279.764
283.072
286.376
289.675
292.97
296.259
299.544
302.825
306.1
309.371
312.637
315.897
319.153
322.404
325.65
328.891
332.126
335.357
338.582
341.802
339.331
336.859
334.384
331.906
329.427
326.945
324.46
321.974
319.485
316.995
314.502
312.007
309.509
307.01
304.508
302.004
299.498
296.99
294.48
291.968
289.453
286.937
284.418
281.897
279.374
276.849
274.322
271.793
269.262
266.729
264.194
261.657
259.117
256.576
254.033
251.487
248.94
246.391
243.84
241.286
238.731
236.174
233.615
231.054
228.491
225.926
223.359
220.791
218.22
215.648
213.073
210.497
207.919
205.339
202.758
200.174
197.589
195.002
192.413
189.822
187.229
184.635
182.039
179.441
176.841
174.24
171.636
169.032
166.425
163.817
161.207
158.595
155.982
153.367
150.75
148.132
145.512
142.89
140.267
137.642
135.015
132.387
129.758
127.126
124.493
121.859
119.223
116.586
113.947
111.306
108.664
106.021
103.376
100.729
98.0811
95.4317
92.7808
90.1284
87.4747
84.8195
76.4279
68.0417
59.6625
51.2926
42.9361
34.6011
26.3056
18.1115
10.0532
2.90926
2.39528
5.17164
8.18434
11.2755
14.3951
17.5234
20.6559
23.7931
26.9352
30.0822
33.2342
36.3912
39.5533
42.7206
45.8931
49.0708
52.2539
55.4423
58.6362
61.8356
65.0406
68.25
71.4635
74.6811
77.9027
81.1283
84.3579
87.5914
90.8289
94.0701
97.3151
100.564
103.816
107.072
110.332
113.595
116.861
120.131
123.405
126.681
129.961
133.244
136.53
139.82
143.112
146.407
149.706
153.007
156.311
159.618
162.927
166.239
169.554
172.872
176.191
179.514
182.839
186.166
189.496
192.828
196.162
199.498
202.837
206.177
209.52
212.864
216.211
219.559
222.91
226.262
229.616
232.971
236.329
239.687
243.048
246.41
249.773
253.138
256.504
259.872
263.24
266.61
269.982
273.354
276.728
280.102
283.478
286.854
290.231
293.61
291.123
288.643
286.165
283.689
281.213
278.738
276.263
273.788
271.313
268.838
266.363
263.888
261.414
258.94
256.466
253.992
251.518
249.045
246.572
244.099
241.626
239.154
236.682
234.21
231.738
229.267
226.796
224.326
221.856
219.386
216.916
214.447
211.979
209.511
207.043
204.575
202.108
199.642
197.176
194.71
192.245
189.78
187.316
184.853
182.39
179.927
177.465
175.004
172.543
170.083
167.623
165.164
162.706
160.248
157.791
155.335
152.879
150.424
147.969
145.515
143.062
140.61
138.158
135.707
133.257
130.808
128.359
125.911
123.464
121.018
118.573
116.131
113.691
111.254
108.818
106.383
103.951
101.52
99.0907
96.6628
94.2362
91.8108
89.3865
86.9633
84.541
82.1197
79.6991
77.2793
74.8601
72.4416
70.0235
67.6059
65.1886
62.7717
60.355
57.9379
55.5203
53.1026
50.6846
48.2664
40.0884
31.9094
23.7299
15.55
7.44255
0.0196902
3.63677
7.06751
10.4044
13.7399
17.0738
20.4059
23.7357
27.0631
30.3877
33.7091
37.0269
40.3407
43.6506
46.9568
50.2605
53.5617
56.8604
60.1566
63.4502
66.7412
70.0297
73.3155
76.5986
79.879
83.1567
86.4315
89.7036
92.9728
96.239
99.5024
102.763
106.02
109.274
112.526
115.774
119.019
122.26
125.499
128.734
131.966
135.194
138.419
141.641
144.859
148.074
151.285
154.493
157.697
160.897
164.093
167.286
170.475
173.66
176.842
180.019
183.193
186.362
189.528
192.689
195.846
198.999
202.148
205.293
208.434
211.57
214.702
217.829
220.952
224.071
227.185
230.294
233.399
236.499
239.595
242.686
245.772
248.854
251.93
255.002
258.069
261.13
264.187
267.239
270.286
273.328
276.364
279.395
282.421
285.442
288.458
291.468
294.472
297.472
300.465
297.777
