73.1112
72.4746
72.1467
72.132
72.4305
73.0386
73.9485
75.1494
76.6276
78.3675
80.352
82.5636
84.9846
87.5975
90.3859
93.334
96.4271
99.6518
102.996
106.448
109.997
113.636
117.355
121.147
125.005
128.924
132.897
136.922
140.992
145.104
149.255
153.441
157.66
161.91
166.187
170.489
174.816
179.165
183.534
187.922
192.363
196.853
201.351
205.856
210.367
214.884
219.406
223.933
228.466
233.003
237.544
242.089
246.637
251.189
255.745
260.303
264.864
269.428
273.995
278.563
283.134
287.707
292.282
296.859
301.438
306.018
310.6
315.183
319.767
324.353
328.939
333.527
338.116
342.706
347.296
351.888
356.48
361.072
365.666
370.259
374.852
379.443
384.033
388.621
393.209
397.795
402.381
406.965
411.547
416.129
420.709
425.288
429.866
434.443
439.018
443.592
448.165
452.737
457.307
461.876
460.701
459.525
458.348
457.171
455.993
454.814
453.634
452.454
451.273
450.092
448.91
447.727
446.544
445.36
444.175
442.99
441.804
440.618
439.43
438.243
437.054
435.865
434.676
433.485
432.295
431.103
429.911
428.718
427.525
426.331
425.136
423.941
422.745
421.549
420.352
419.154
417.956
416.757
415.557
414.357
413.156
411.955
410.753
409.551
408.347
407.144
405.939
404.734
403.529
402.322
401.115
399.908
398.7
397.491
396.282
395.072
393.862
392.651
391.439
390.227
389.014
387.801
386.587
385.372
384.157
382.941
381.725
380.508
379.29
378.072
376.853
375.634
374.414
373.194
371.972
370.751
369.529
368.306
367.082
365.858
364.634
363.409
362.183
360.956
359.73
358.502
357.274
356.045
354.816
353.586
352.356
351.125
349.894
348.662
347.429
346.196
344.962
343.728
342.493
341.257
334.194
327.138
320.09
313.05
306.019
298.998
291.987
284.986
277.998
271.022
264.06
257.113
250.182
243.267
236.372
229.497
222.644
215.815
209.013
202.241
195.5
188.795
182.13
175.504
168.875
162.282
155.729
149.222
142.768
136.373
130.046
123.797
117.639
111.586
105.657
99.8735
94.262
88.855
83.6919
78.8205
74.298
70.1915
66.5779
63.5412
61.1668
59.534
58.7043
58.7115
59.4898
60.7784
62.4232
64.3737
66.6034
69.0855
71.7941
74.7049
77.7955
81.0454
84.4366
87.9529
91.5802
95.3059
99.1191
103.01
106.971
110.995
115.074
119.203
123.378
127.595
131.848
136.135
140.454
144.8
149.173
153.569
157.987
162.425
166.882
171.357
175.847
180.352
184.871
189.403
193.948
198.503
203.069
207.645
212.231
216.826
221.428
226.039
230.657
235.282
239.914
244.553
249.197
253.847
258.502
263.163
261.636
260.11
258.584
257.058
255.531
254.005
252.48
250.954
249.428
247.903
246.378
244.853
243.329
241.804
240.28
238.757
237.233
235.71
234.188
232.666
231.144
229.623
228.102
226.582
225.062
223.543
222.024
220.506
218.989
217.473
215.957
214.442
212.928
211.414
209.902
208.39
206.879
205.369
203.86
202.353
200.846
199.34
197.836
196.333
194.831
193.33
191.831
190.333
188.837
187.342
185.849
184.357
182.867
181.379
179.893
178.408
176.925
175.445
173.966
172.49
171.015
169.544
168.074
166.607
165.142
163.68
162.221
160.765
159.311
157.861
156.413
154.969
153.528
152.091
150.657
149.227
147.801
146.378
144.96
143.546
142.136
140.731
139.33
137.935
136.544
135.159
133.779
132.404
131.035
129.673
128.316
126.966
125.622
124.285
122.956
121.634
120.319
119.012
117.714
116.424
109.421
102.418
95.4182
88.4205
81.4262
74.4365
67.4534
60.4794
53.5183
46.5645
39.6078
32.6486
25.6905
18.7344
11.7807
4.83047
0.0337189
4.59322
9.13725
13.677
18.2121
22.7433
27.2735
31.8027
36.331
40.8582
45.3844
49.9096
54.4338
58.9569
63.479
68.0001
72.52
77.0389
81.5568
86.0735
90.5891
95.1037
99.6171
104.129
108.641
113.151
117.659
122.167
126.674
131.179
135.683
140.186
144.688
149.188
153.688
158.186
162.682
167.178
171.672
176.165
180.656
185.147
189.635
194.123
198.609
203.094
207.578
212.06
216.54
221.019
225.497
229.973
234.448
238.922
243.394
247.864
252.333
256.8
261.266
265.73
270.193
274.654
279.113
283.571
288.027
292.482
296.935
301.386
305.835
310.283
314.729
319.174
323.616
328.057
332.496
336.933
341.369
345.803
350.234
354.664
359.093
363.519
367.943
372.366
371.072
