39.4874
6.48154
0.0821626
0.0648551
0.0648427
0.0644031
0.0638739
0.0632612
0.062565
0.0617857
0.0609233
0.059978
0.0589501
0.0578397
0.0566471
0.0553726
0.0540163
0.0525787
0.0510599
0.0494604
0.0477806
0.0460206
0.0441811
0.0422624
0.0402649
0.0381891
0.0360356
0.0338048
0.0314976
0.0291144
0.0266563
0.0241241
0.0215191
0.0188432
0.0160991
0.0132915
0.0104299
0.00753859
0.00470217
0.00243884
0.00311165
0.00588791
0.0090703
0.0124044
0.0158384
0.0193552
0.0229475
0.0266111
0.0303437
0.0341435
0.0380091
0.0419392
0.045933
0.0499894
0.0541074
0.0582863
0.0625252
0.0668232
0.0711794
0.0755931
0.0800634
0.0845895
0.0891705
0.0938056
0.098494
0.103235
0.108027
0.11287
0.117763
0.122705
0.127696
0.132733
0.137817
0.142947
0.148121
0.15334
0.158601
0.163905
0.169249
0.174635
0.180059
0.185523
0.191024
0.196563
0.202137
0.207747
0.213391
0.219069
0.224779
0.230521
0.236294
0.242097
0.24793
0.253791
0.259679
0.265594
0.271535
0.277501
0.283492
0.289505
0.0163628
0.000924515
5.22518e-05
2.95467e-06
1.67216e-07
9.4755e-09
5.38053e-10
3.05345e-11
1.64152e-12
3.81476e-13
2.35337e-13
7.16939e-13
6.0248e-13
4.91129e-13
4.06424e-13
5.50128e-13
1.06746e-12
5.45731e-13
2.16179e-13
5.20897e-13
3.79504e-13
4.49698e-13
7.01657e-13
1.63555e-13
1.77308e-13
2.07814e-13
1.37799e-13
1.21411e-13
1.55348e-13
3.71196e-14
9.15496e-14
1.09885e-13
1.69503e-13
1.09885e-13
2.17007e-13
1.28491e-13
1.80069e-13
1.60002e-13
4.47772e-13
9.75846e-14
1.79229e-13
5.13964e-14
1.12488e-13
2.30206e-13
5.92436e-13
3.49101e-13
8.71702e-14
5.52974e-13
5.59832e-13
7.23848e-13
6.1784e-13
4.71505e-13
7.18149e-13
3.03958e-13
5.05333e-13
6.65739e-13
7.90026e-13
4.66613e-13
3.60917e-13
5.71071e-15
2.02066e-13
1.79887e-13
1.47182e-13
5.49424e-13
1.85927e-13
4.82715e-13
5.60006e-13
7.53835e-14
3.09025e-13
4.40734e-13
7.26877e-13
7.7674e-14
3.14154e-13
5.43756e-13
1.1595e-13
2.9587e-13
1.93828e-13
2.75079e-13
2.89167e-13
3.23047e-13
4.49117e-13
4.33572e-13
7.45248e-13
5.15998e-13
5.35902e-13
2.74248e-13
4.78645e-14
4.56857e-14
3.23047e-13
2.63498e-13
1.25668e-13
4.45435e-13
4.84713e-13
4.02352e-13
3.60137e-13
4.38834e-13
5.15998e-13
2.99812e-13
4.98666e-14
7.81199e-13
0.335327
0.31162
0.308013
0.303359
0.29882
0.294335
0.289908
0.285539
0.281231
0.276983
0.272798
0.268675
0.264616
0.260621
0.256692
0.25283
0.249036
0.24531
0.241653
0.238067
0.234552
0.231109
0.227739
0.224443
0.221221
0.218076
0.215006
0.212014
0.2091
0.206264
0.203508
0.200832
0.198238
0.195725
0.193294
0.190947
0.188683
0.186504
0.18441
0.182402
0.18048
0.178645
0.176897
0.175238
0.173667
0.172184
0.170792
0.169489
0.168277
0.167156
0.166125
0.165187
0.16434
0.163586
0.162924
0.162355
0.161879
0.161497
0.161208
0.161013
0.160912
0.160905
0.160992
0.161174
0.16145
0.161821
0.162286
0.162846
0.1635
0.164249
0.165092
0.16603
0.167061
0.168187
0.169407
0.170721
0.172129
0.173629
0.175223
0.17691
0.17869
0.180561
0.182525
0.18458
0.186727
0.188964
0.191292
0.193709
0.196216
0.198813
0.201497
0.20427
0.20713
0.210077
0.21311
0.216229
0.219433
0.222722
0.226094
0.229549
0.00900843
0.000354277
1.39839e-05
5.54147e-07
2.20528e-08
8.81483e-10
3.54613e-11
1.31811e-12
7.92618e-14
6.29191e-14
5.83822e-14
3.08141e-13
1.5795e-13
1.122e-13
1.05e-13
1.03277e-13
2.7459e-13
1.98597e-13
1.66104e-13
1.61424e-13
1.60258e-13
2.37664e-13
1.99447e-13
1.66104e-13
1.61328e-13
1.60212e-13
2.38248e-13
1.99022e-13
1.66298e-13
1.61424e-13
1.60258e-13
2.37664e-13
1.99447e-13
1.66104e-13
1.61328e-13
2.34178e-13
2.00304e-13
1.66696e-13
1.61328e-13
2.34178e-13
2.00304e-13
1.66696e-13
1.61328e-13
2.34178e-13
2.00304e-13
1.66696e-13
1.61328e-13
2.34178e-13
2.00735e-13
1.66696e-13
1.61328e-13
2.34178e-13
2.00304e-13
1.66696e-13
1.61328e-13
2.34178e-13
2.00304e-13
1.66696e-13
1.61328e-13
2.34178e-13
2.00304e-13
1.66696e-13
1.61328e-13
2.34178e-13
2.00735e-13
1.66696e-13
1.61424e-13
2.336e-13
2.00735e-13
1.66298e-13
1.61523e-13
2.33022e-13
2.01167e-13
1.66298e-13
1.61523e-13
2.33022e-13
2.01167e-13
1.66298e-13
1.61523e-13
2.33022e-13
2.01167e-13
1.66298e-13
1.61523e-13
2.33022e-13
2.01167e-13
1.66298e-13
1.61523e-13
2.33022e-13
2.01167e-13
1.66298e-13
1.61523e-13
2.33022e-13
2.01167e-13
1.66298e-13
1.61523e-13
2.33022e-13
2.01167e-13
1.66298e-13
1.61523e-13
2.33022e-13
0.221374
0.213001
0.213514
0.213759
0.214085
0.21448
0.214945
0.215478
0.216079
0.21675
0.217489
0.218297
0.219173
0.220117
0.221128
0.222208
0.223355
0.22457
0.225851
0.227199
0.228614
0.230095
0.231642
0.233255
0.234933
0.236677
0.238485
0.240357
0.242294
0.244294
0.246357
0.248484
0.250672
0.252923
0.255236
0.257609
0.260044
0.262539
0.265094
0.267708
0.270381
0.273112
0.275901
0.278748
0.281651
0.284611
0.287627
0.290698
0.293823
0.297003
0.300236
0.303522
0.306861
0.310251
0.313693
0.317185
0.320728
0.324319
0.32796
0.331648
0.335384
0.339167
0.342997
0.346871
0.350791
0.354755
0.358762
0.362813
0.366906
0.37104
0.375215
0.379431
0.383686
0.38798
0.392312
0.396682
0.401088
0.405531
0.410009
0.414522
0.419069
0.42365
0.428263
0.432908
0.437585
0.442292
0.447029
0.451795
0.45659
0.461412
0.466262
0.471138
0.47604
0.480968
0.485919
0.490894
0.495893
0.500913
0.505956
0.511019
0.0529088
