69.7393
65.4908
61.3085
57.1999
53.1751
49.2479
45.4372
41.7685
38.2761
35.0066
32.0217
29.402
27.285
25.7949
25.044
25.0984
25.954
27.2122
28.4669
29.7167
30.9612
32.1998
33.4323
34.6581
35.8768
37.0879
38.2909
39.4852
40.6705
41.8461
43.0115
44.1661
45.3095
46.4409
47.5599
48.6658
49.7581
50.8364
51.9044
52.9621
54.0094
55.0461
56.0721
57.0872
58.0913
59.0844
60.0662
61.0367
61.9956
62.9429
63.8785
64.8021
65.7137
66.6132
67.5003
68.375
69.2372
70.0866
70.9232
71.7469
72.5574
73.3547
74.1387
74.9091
75.6659
76.4089
77.138
77.8531
78.554
79.2406
79.9127
80.5703
81.2132
81.8412
82.4542
83.0521
83.6347
84.202
84.7538
85.2899
85.8102
86.3146
86.8029
87.2751
87.7309
88.1702
88.593
88.9991
89.3883
89.7605
90.1155
90.4533
90.7738
91.0767
91.3619
91.6294
91.8789
92.1104
92.3237
92.5187
87.2399
81.9563
76.6673
71.3727
66.0727
60.7672
55.4565
50.1405
44.8194
39.4937
34.1668
28.8388
23.5098
18.1804
12.9871
8.22291
3.85645
0.178644
0.0162285
0.00147466
0.000134034
1.2192e-05
1.11065e-06
1.01434e-07
9.301e-09
8.57994e-10
7.9256e-11
8.00648e-12
2.016e-12
2.21764e-13
8.2361e-14
3.56999e-13
1.25636e-13
2.32952e-13
2.28714e-13
2.10601e-13
1.07749e-13
4.56857e-14
4.76972e-13
2.66391e-13
1.48478e-13
1.7434e-13
5.77883e-13
4.36412e-13
4.02352e-13
1.77308e-13
5.71071e-14
6.54119e-13
1.23012e-13
2.28428e-14
6.09523e-13
7.88657e-13
5.5965e-13
7.66172e-13
7.25328e-13
1.48478e-13
2.76247e-13
1.02156e-13
7.31328e-14
4.70501e-13
5.13329e-13
4.88324e-13
8.78782e-13
5.78334e-13
3.56999e-13
3.65664e-13
1.7434e-13
1.14214e-13
8.2361e-14
1.14214e-14
4.56857e-14
1.04804e-12
9.75111e-13
2.19398e-13
2.47083e-13
3.16726e-13
4.10059e-13
2.50491e-13
3.76734e-13
3.58458e-13
5.33271e-13
3.34357e-13
2.04313e-13
7.31328e-13
6.46093e-13
8.48036e-13
5.83387e-13
2.28428e-13
6.98203e-13
5.82492e-13
5.5579e-13
5.04615e-13
5.6244e-13
1.94164e-13
1.37532e-13
3.31221e-13
1.33684e-13
9.20824e-14
2.96957e-13
5.34737e-13
1.50402
2.85498
4.1115
5.27448
6.35236
7.3531
8.28408
9.15207
9.96431
10.7333
11.465
12.1626
12.8285
13.4648
14.0738
14.6574
15.2172
15.7655
16.3252
16.8961
17.4779
18.0705
18.6738
19.2876
19.9117
20.5461
21.1905
21.8449
22.509
23.1828
23.866
24.5586
25.2603
25.9711
26.6908
27.4193
28.1564
28.9019
29.6557
30.4178
31.1878
31.9658
32.7515
33.5447
34.3455
35.1535
35.9687
36.7909
37.62
38.4558
39.2982
40.147
41.0021
41.8633
42.7306
43.6037
44.4825
45.3668
46.2566
47.1516
48.0517
48.9568
49.8667
50.7813
51.7004
52.6239
53.5515
54.4833
55.419
56.3584
57.3014
58.2479
59.1978
60.1507
61.1067
62.0655
63.027
63.9911
64.9576
65.9262
66.897
67.8697
68.8441
69.8202
70.7977
71.7758
72.7557
73.7377
74.7219
75.708
76.6957
77.6848
78.6749
79.6658
80.6573
81.6489
82.6404
83.6315
84.6217
85.6109
80.8147
76.0142
71.2116
66.4078
61.6029
56.797
51.9901
47.1825
42.3741
37.5651
32.7556
27.9456
23.1352
18.3333
13.7604
9.4058
5.25933
1.3111
0.0902258
0.00620923
0.000427311
2.9407e-05
2.02376e-06
1.39273e-07
9.58449e-09
6.59539e-10
4.53316e-11
3.02416e-12
2.98934e-13
1.33703e-13
1.18244e-13
1.15027e-13
1.14385e-13
1.14252e-13
1.1422e-13
1.14216e-13
1.14215e-13
1.14215e-13
1.14214e-13
1.14214e-13
1.14214e-13
1.14214e-13
1.14214e-13
1.14214e-13
1.14214e-13
1.14214e-13
1.14214e-13
1.14214e-13
1.14214e-13
1.14214e-13
1.14214e-13
1.14214e-13
1.14214e-13
1.14214e-13
1.14214e-13
1.14214e-13
1.14214e-13
1.14214e-13
1.14214e-13
1.14214e-13
1.14214e-13
1.14214e-13
1.14214e-13
1.14214e-13
1.14214e-13
1.14214e-13
1.14214e-13
1.14214e-13
1.14214e-13
1.14214e-13
1.14214e-13
1.14214e-13
1.14214e-13
1.14214e-13
1.14214e-13
1.14214e-13
1.14214e-13
1.14214e-13
1.14214e-13
1.14214e-13
1.14214e-13
1.14214e-13
1.14214e-13
1.14214e-13
1.14214e-13
1.14214e-13
1.14214e-13
1.14214e-13
1.14214e-13
1.14214e-13
1.14214e-13
1.14214e-13
1.14214e-13
1.14214e-13
1.14214e-13
1.14214e-13
1.14214e-13
1.14214e-13
1.14214e-13
1.14214e-13
1.78873
3.4918
5.11323
6.65678
8.12604
9.52438
10.855
12.1209
13.3249
14.4698
15.5579
16.5917
17.5734
18.5071
19.4378
20.3651
21.2887
22.2082
23.1234
24.0338
24.9392
25.8389
26.7328
27.6204
28.5012
29.3749
30.241
31.099
31.9486
32.7892
33.6204
34.4416
35.2525
36.0525
36.8411
37.6179
38.3822
39.1336
39.8716
40.5956
41.3052
41.9997
42.6808
43.3502
44.008
44.6546
45.2898
45.9136
46.5256
47.1259
47.7141
48.2903
48.8542
49.4058
49.9449
50.4714
50.9852
51.4861
51.9741
52.449
52.9106
53.3589
53.7938
54.215
54.6225
55.0162
55.3959
55.7615
56.1128
56.4499
56.7724
57.0804
57.3736
57.652
57.9154
58.1637
58.3967
58.6145
58.8167
59.0034
59.1743
59.3294
59.4685
59.5915
59.6983
59.7887
59.8627
59.9201
59.9607
59.9845
59.9914
59.9811
59.9537
59.9089
59.8466
59.7668
59.6692
59.5539
59.4205
59.2691
53.6336
