65.3783
56.7213
48.0774
39.4468
30.8295
22.2258
13.6364
5.06717
0.407918
0.4431
0.457681
0.462373
0.462917
0.461656
0.459547
0.456981
0.454116
0.451019
0.447715
0.444217
0.440529
0.436654
0.432592
0.428346
0.423915
0.419301
0.414504
0.409526
0.404366
0.399026
0.393507
0.38781
0.381935
0.375883
0.369656
0.363255
0.35668
0.349933
0.343014
0.335926
0.328668
0.321242
0.31365
0.305893
0.297971
0.289887
0.28164
0.273234
0.264668
0.255945
0.247066
0.238032
0.228844
0.219505
0.210015
0.200376
0.19059
0.180658
0.170582
0.160364
0.150004
0.139506
0.128871
0.1181
0.107197
0.0961639
0.085004
0.0737215
0.062323
0.050819
0.0392315
0.027617
0.0161925
0.00681166
0.011137
0.0224442
0.0345557
0.0469422
0.0595025
0.0722033
0.0850299
0.097974
0.111031
0.124196
0.137466
0.15084
0.164315
0.177888
0.191557
0.205321
0.219178
0.233125
0.247162
0.253261
0.259129
0.265038
0.270972
0.276931
0.282915
0.288922
0.016282
0.000917241
5.16893e-05
2.91444e-06
1.64475e-07
9.29494e-09
5.2583e-10
2.97255e-11
1.57815e-12
4.91129e-13
2.80828e-13
1.71797e-13
5.34684e-13
3.39247e-13
6.41229e-13
3.52448e-13
4.98666e-14
8.2361e-14
2.90756e-13
1.61624e-13
6.28178e-14
1.49899e-13
9.13714e-14
4.85184e-13
1.2278e-13
3.0381e-13
1.09885e-13
1.53048e-13
5.71071e-14
2.48678e-13
1.58079e-13
8.28053e-14
9.248e-14
8.8516e-14
1.69046e-13
9.96106e-14
1.96688e-13
3.93376e-13
4.17195e-13
4.70917e-14
1.14214e-13
1.64722e-13
5.64357e-13
3.03918e-13
4.98666e-14
5.38747e-14
3.96679e-13
2.04313e-13
5.24018e-13
1.27216e-13
6.54119e-13
1.41995e-13
5.47343e-13
2.31284e-13
1.91138e-13
1.1955e-13
4.06073e-13
1.69623e-13
3.01534e-13
7.27483e-13
3.40841e-13
4.22593e-13
4.31763e-13
4.48436e-13
9.48498e-13
8.77017e-13
5.95258e-13
5.5582e-13
4.81362e-13
2.27355e-13
1.02023e-12
2.44162e-13
1.02999e-12
5.00592e-13
9.88963e-13
1.9619e-13
1.79229e-13
8.52121e-13
3.67088e-13
8.26949e-13
1.04718e-13
5.38747e-14
1.67105e-13
6.53745e-13
7.31328e-14
1.93912e-13
1.99875e-14
2.28428e-14
3.37464e-13
6.72562e-13
6.29837e-13
4.64818e-13
8.07056e-13
4.61438e-13
2.91246e-13
5.52974e-13
6.0248e-13
4.85184e-13
5.9562e-13
1.55348e-13
0.222226
0.264232
0.277761
0.277376
0.271962
0.264775
0.25704
0.249209
0.241452
0.233833
0.226377
0.219094
0.211988
0.205063
0.198322
0.191765
0.185395
0.179214
0.173223
0.167424
0.161818
0.156407
0.151191
0.146172
0.14135
0.136726
0.132299
0.128071
0.12404
0.120205
0.116565
0.11312
0.109865
0.106799
0.103918
0.101218
0.0986959
0.0963461
0.0941635
0.0921425
0.0902771
0.0885613
0.0869886
0.0855528
0.0842474
0.0830664
0.0820041
0.0810549
0.0802142
0.0794776
0.0788418
0.078304
0.0778625
0.0775166
0.0772663
0.0771128
0.0770583
0.0771059
0.0772595
0.0775243
0.0779057
0.0784102
0.0790447
0.0798164
0.0807329
0.081802
0.0830311
0.0844277
0.0859988
0.0877511
0.0896903
0.091822
0.0941506
0.09668
0.0994132
0.102353
0.1055
0.108856
0.112421
0.116194
0.120176
0.124365
0.128759
0.133357
0.138157
0.143156
0.148353
0.153744
0.159327
0.1651
0.17106
0.177204
0.18353
0.190035
0.196716
0.203571
0.210598
0.217793
0.225155
0.230895
0.00910943
0.000360152
1.4291e-05
5.69296e-07
2.27741e-08
9.15282e-10
3.7124e-11
1.40946e-12
4.00124e-13
3.52861e-13
3.88492e-13
2.11075e-13
1.61448e-13
1.5476e-13
1.87157e-13
1.6353e-13
1.49467e-13
1.88656e-13
1.63874e-13
1.48973e-13
1.88751e-13
1.63874e-13
1.48973e-13
1.88751e-13
1.63874e-13
1.48973e-13
1.88751e-13
1.63874e-13
1.48973e-13
1.88751e-13
1.63874e-13
1.48973e-13
1.88751e-13
1.63874e-13
1.48973e-13
1.88751e-13
1.63874e-13
1.48973e-13
1.88751e-13
1.63874e-13
1.48973e-13
1.88751e-13
1.63874e-13
1.48973e-13
1.88751e-13
1.63874e-13
1.48973e-13
1.88751e-13
1.63874e-13
1.48973e-13
1.88751e-13
1.63874e-13
1.48973e-13
1.88751e-13
1.63874e-13
1.48973e-13
1.88751e-13
1.63874e-13
1.48973e-13
1.88751e-13
1.63874e-13
1.48973e-13
1.88751e-13
1.63874e-13
1.48973e-13
1.88751e-13
1.63874e-13
1.48973e-13
1.88751e-13
1.63874e-13
1.48973e-13
1.88751e-13
1.63874e-13
1.48973e-13
1.88751e-13
1.63874e-13
1.48973e-13
1.88751e-13
1.63874e-13
1.48973e-13
1.88751e-13
1.63874e-13
1.48973e-13
1.88751e-13
1.63874e-13
1.48973e-13
1.88751e-13
1.63874e-13
1.48973e-13
1.88751e-13
1.63874e-13
1.48973e-13
1.88751e-13
1.63874e-13
1.48973e-13
1.88751e-13
1.63874e-13
1.48973e-13
1.88751e-13
1.63874e-13
0.148011
0.197471
0.214183
0.214721
0.215023
0.215406
0.215858
0.216378
0.216967
0.217625
0.218352
0.219147
0.22001
0.220942
0.221941
0.223008
0.224143
0.225345
0.226614
0.22795
0.229352
0.230821
0.232356
0.233957
0.235623
0.237354
0.23915
0.24101
0.242935
0.244923
0.246975
0.249089
0.251266
0.253505
0.255806
0.258169
0.260592
0.263075
0.265619
0.268222
0.270883
0.273604
0.276382
0.279218
0.282111
0.28506
0.288065
0.291125
0.294241
0.29741
0.300633
0.30391
0.307238
0.310619
0.314051
0.317534
0.321067
0.324649
0.32828
0.33196
0.335687
0.339461
0.343281
0.347148
0.351059
0.355015
0.359014
0.363056
0.367141
0.371268
0.375435
0.379643
0.383891
0.388178
0.392503
0.396866
0.401266
0.405702
0.410174
0.41468
0.419221
0.423796
0.428403
0.433042
0.437713
0.442415
0.447146
0.451907
0.456697
0.461515
0.46636
0.471231
0.476129
0.481052
0.485999
0.490971
0.495965
0.500982
0.506021
0.511081
0.0528874
