0.000485
-0.000761836	-0.649204	-0.00152367	1.80121	-0.000564258	0.421016	-2.14719e-05	
-0.00152367	-0.648409	-0.00304734	1.80242	-0.00132913	0.422032	-4.91334e-05	
-0.00228551	-0.647613	-0.00457102	1.80363	-0.00228473	0.423047	-8.17223e-05	
-0.00304734	-0.646817	-0.00609469	1.80484	-0.00342181	0.424063	-0.000118053	
-0.00380918	-0.646022	-0.00761836	1.80605	-0.00473169	0.425079	-0.000157011	
-0.00457102	-0.645226	-0.00914203	1.80726	-0.00620625	0.426095	-0.000197554	
-0.00533285	-0.64443	-0.0106657	1.80847	-0.00783791	0.42711	-0.0002387	
-0.00609469	-0.643634	-0.0121894	1.80968	-0.00961952	0.428126	-0.000279533	
-0.00685653	-0.642839	-0.0137131	1.81089	-0.0115444	0.429142	-0.000319194	
-0.00761836	-0.642043	-0.0152367	1.8121	-0.0136064	0.430158	-0.00035688	
-0.0083802	-0.641247	-0.0167604	1.81332	-0.0157996	0.431174	-0.000391841	
-0.00914203	-0.640452	-0.0182841	1.81453	-0.0180851	0.432189	-0.000423379	
-0.00990387	-0.639656	-0.0198077	1.81574	-0.0203706	0.433205	-0.000450857	
-0.0106657	-0.63886	-0.0213314	1.81695	-0.0226561	0.434221	-0.000473701	
-0.0114275	-0.638065	-0.0228551	1.81816	-0.0249416	0.435237	-0.000491342	
-0.0121894	-0.637269	-0.0243788	1.81937	-0.0272271	0.436253	-0.000503218	
-0.0129512	-0.636473	-0.0259024	1.82058	-0.0295126	0.437268	-0.000508773	
-0.0137131	-0.63658	-0.0274261	1.82072	-0.0317981	0.437618	-0.000507456	
-0.0144749	-0.636835	-0.0289498	1.82069	-0.0340837	0.437896	-0.000504945	
-0.0152367	-0.637113	-0.0304734	1.82066	-0.0363692	0.438202	-0.00050213	
-0.0159986	-0.637415	-0.0319971	1.82062	-0.0386547	0.438539	-0.000498999	
-0.0167604	-0.637741	-0.0335208	1.82058	-0.0409402	0.438909	-0.000495531	
-0.0175222	-0.638092	-0.0350445	1.82053	-0.0432257	0.439311	-0.000491705	
-0.0182841	-0.638469	-0.0365681	1.82048	-0.0455112	0.439748	-0.000487497	
-0.0190459	-0.638873	-0.0380918	1.82042	-0.0477967	0.440221	-0.000482885	
-0.0198077	-0.639304	-0.0396155	1.82037	-0.0500822	0.440732	-0.000477847	
-0.0205696	-0.639764	-0.0411392	1.8203	-0.0523677	0.441281	-0.000472357	
-0.0213314	-0.640252	-0.0426628	1.82023	-0.0546532	0.441869	-0.000466394	
-0.0220933	-0.640771	-0.0441865	1.82016	-0.0569387	0.442499	-0.000459932	
-0.0228551	-0.64132	-0.0457102	1.82008	-0.0592243	0.44317	-0.000452949	
-0.0236169	-0.6419	-0.0472338	1.82	-0.0615098	0.443885	-0.000445418	
-0.0243788	-0.642512	-0.0487575	1.81991	-0.0637953	0.444644	-0.000437318	
-0.0251406	-0.643156	-0.0502812	1.81981	-0.0660808	0.445449	-0.000428622	
-0.0259024	-0.643834	-0.0518049	1.81971	-0.0683663	0.4463	-0.000419307	
-0.0266643	-0.644546	-0.0533285	1.8196	-0.0706518	0.447199	-0.000409349	
-0.0274261	-0.645292	-0.0548522	1.81949	-0.0729373	0.448146	-0.000398724	
-0.0281879	-0.646073	-0.0563759	1.81937	-0.0752228	0.449143	-0.000387408	
-0.0289498	-0.646869	-0.0578996	1.81924	-0.0775083	0.450159	-0.000375378	
-0.0297116	-0.647665	-0.0594232	1.81911	-0.0797938	0.451175	-0.000362627	
-0.0304734	-0.64846	-0.0609469	1.81897	-0.0820793	0.452191	-0.000349141	
-0.0312353	-0.649256	-0.0624706	1.81883	-0.0843648	0.453206	-0.000334904	
-0.0319971	-0.650052	-0.0639942	1.81868	-0.0866504	0.454222	-0.000319896	
-0.032759	-0.650848	-0.0655179	1.81853	-0.0889359	0.455238	-0.000304099	
-0.0335208	-0.651643	-0.0670416	1.81838	-0.0912214	0.456254	-0.000287492	
-0.0342826	-0.652439	-0.0685653	1.81822	-0.0935069	0.45727	-0.000270057	
-0.0350445	-0.653235	-0.0700889	1.81806	-0.0957924	0.458285	-0.000251774	
-0.0358063	-0.65403	-0.0716126	1.8179	-0.0980779	0.459301	-0.000232625	
-0.0365681	-0.654826	-0.0731363	1.81773	-0.100363	0.460317	-0.000212591	
-0.03733	-0.655622	-0.0746599	1.81756	-0.102649	0.461333	-0.000191653	
-0.0380918	-0.656417	-0.0761836	1.81739	-0.104934	0.462348	-0.000169795	
-0.0388536	-0.657213	-0.0777073	1.81721	-0.10722	0.463364	-0.000146999	
-0.0396155	-0.658009	-0.079231	1.81703	-0.109505	0.46438	-0.000123248	
-0.0403773	-0.658805	-0.0807546	1.81684	-0.111791	0.465396	-9.85276e-05	
-0.0411392	-0.6596	-0.0822783	1.81665	-0.114076	0.466412	-7.28209e-05	
-0.041901	-0.660396	-0.083802	1.81646	-0.116362	0.467427	-4.61135e-05	
-0.0426628	-0.661192	-0.0853257	1.81626	-0.118647	0.468443	-1.83912e-05	
-0.0434247	-0.661987	-0.0868493	1.81607	-0.120933	0.469459	1.03599e-05	
-0.0441865	-0.662783	-0.088373	1.81586	-0.123218	0.470475	4.01525e-05	
-0.0449483	-0.663579	-0.0898967	1.81566	-0.125504	0.471491	7.09991e-05	
-0.0457102	-0.664374	-0.0914203	1.81545	-0.12779	0.472506	0.000102911	
-0.046472	-0.66517	-0.092944	1.81524	-0.130075	0.473522	0.0001359	
-0.0472338	-0.665966	-0.0944677	1.81502	-0.132361	0.474538	0.000169975	
-0.0479957	-0.666761	-0.0959914	1.8148	-0.134646	0.475554	0.000205145	
-0.0487575	-0.667557	-0.097515	1.81458	-0.136932	0.476569	0.000241421	
-0.0495194	-0.668353	-0.0990387	1.81435	-0.139217	0.477585	0.000278808	
-0.0502812	-0.669149	-0.100562	1.81412	-0.141503	0.478601	0.000317315	
-0.051043	-0.669944	-0.102086	1.81389	-0.143788	0.479617	0.000356947	
-0.0518049	-0.67074	-0.10361	1.81365	-0.146074	0.480633	0.000397709	
-0.0525667	-0.671536	-0.105133	1.81342	-0.148359	0.481648	0.000439607	
-0.0533285	-0.672331	-0.106657	1.81317	-0.150645	0.482664	0.000482643	
-0.0540904	-0.673127	-0.108181	1.81293	-0.15293	0.48368	0.000526819	
-0.0548522	-0.673923	-0.109704	1.81268	-0.155216	0.484696	0.000572139	
-0.055614	-0.674718	-0.111228	1.81243	-0.157501	0.485711	0.000618602	
-0.0563759	-0.675514	-0.112752	1.81218	-0.159787	0.486727	0.000666209	
-0.0571377	-0.67631	-0.114275	1.81192	-0.162072	0.487743	0.000714958	
-0.0578996	-0.677106	-0.115799	1.81166	-0.164358	0.488759	0.000764847	
-0.0586614	-0.677901	-0.117323	1.8114	-0.166643	0.489775	0.000815873	
-0.0594232	-0.678697	-0.118846	1.81113	-0.168929	0.49079	0.000868032	
-0.0601851	-0.679493	-0.12037	1.81086	-0.171214	0.491806	0.000921319	
-0.0609469	-0.680288	-0.121894	1.81059	-0.1735	0.492822	0.000975728	
-0.0617087	-0.681084	-0.123417	1.81032	-0.175785	0.493838	0.00103125	
-0.0624706	-0.68188	-0.124941	1.81004	-0.178071	0.494854	0.00108788	
-0.0632324	-0.682675	-0.126465	1.80976	-0.180356	0.495869	0.00114561	
-0.0639942	-0.683471	-0.127988	1.80948	-0.182642	0.496885	0.00120443	
-0.0647561	-0.684267	-0.129512	1.80919	-0.184927	0.497901	0.00126432	
-0.0655179	-0.685062	-0.131036	1.8089	-0.187213	0.498917	0.00132528	
-0.0662798	-0.685858	-0.13256	1.80861	-0.189498	0.499932	0.00138729	
-0.0670416	-0.686654	-0.134083	1.80832	-0.191784	0.500948	0.00145034	
-0.0678034	-0.68745	-0.135607	1.80803	-0.194069	0.501964	0.00151441	
-0.0685653	-0.688245	-0.137131	1.80773	-0.196355	0.50298	0.00157948	
-0.0693271	-0.689041	-0.138654	1.80743	-0.19864	0.503996	0.00164554	
-0.0700889	-0.689837	-0.140178	1.80712	-0.200926	0.505011	0.00171258	
-0.0708508	-0.690632	-0.141702	1.80682	-0.203211	0.506027	0.00178056	
-0.0716126	-0.691428	-0.143225	1.80651	-0.205497	0.507043	0.00184948	
-0.0723744	-0.692224	-0.144749	1.8062	-0.207782	0.508059	0.0019193	
-0.0731363	-0.693019	-0.146273	1.80589	-0.210068	0.509074	0.00199002	
-0.0738981	-0.693815	-0.147796	1.80557	-0.212353	0.51009	0.0020616	
-0.0746599	-0.694611	-0.14932	1.80526	-0.214639	0.511106	0.00213401	
-0.0754218	-0.695407	-0.150844	1.80494	-0.216924	0.512122	0.00220724	
-0.0761836	-0.696202	-0.152367	1.80462	-0.21921	0.513138	0.00228127	
-0.0769455	-0.696998	-0.153891	1.80452	-0.221495	0.514153	0.00234263	
-0.0777073	-0.697794	-0.155415	1.80451	-0.223781	0.515169	0.00239414	
-0.0784691	-0.698589	-0.156938	1.80455	-0.226066	0.516185	0.00243739	
-0.079231	-0.699385	-0.158462	1.8046	-0.228352	0.517201	0.00247347	
-0.0799928	-0.700181	-0.159986	1.80467	-0.230637	0.518216	0.00250328	
-0.0807546	-0.700976	-0.161509	1.80474	-0.232923	0.519232	0.00252756	
-0.0815165	-0.701772	-0.163033	1.80483	-0.235208	0.520248	0.00254704	
-0.0822783	-0.702568	-0.164557	1.80491	-0.237494	0.521264	0.00256237	
-0.0830401	-0.703363	-0.16608	1.805	-0.239779	0.52228	0.00257415	
-0.083802	-0.704159	-0.167604	1.8051	-0.242065	0.523295	0.00258295	
-0.0845638	-0.7049	-0.169128	1.8052	-0.24435	0.524311	0.0025893	
-0.0853257	-0.705524	-0.170651	1.80529	-0.246636	0.525327	0.0025938	
-0.0860875	-0.706063	-0.172175	1.80532	-0.248921	0.526343	0.00259702	
-0.0868493	-0.706528	-0.173699	1.8053	-0.251207	0.527359	0.00259926	
-0.0876112	-0.706923	-0.175222	1.80522	-0.253492	0.528374	0.00260075	
-0.088373	-0.707254	-0.176746	1.8051	-0.255403	0.529284	0.00260168	
-0.0891348	-0.707517	-0.17827	1.80496	-0.256741	0.529885	0.0026022	
-0.0898967	-0.707674	-0.179793	1.80487	-0.257547	0.530243	0.00260238	
-0.0906585	-0.707744	-0.180751	1.80481	-0.257865	0.530375	0.00260241	
-0.0906025	-0.707741	-0.180684	1.80482	-0.257843	0.530364	0.00260241	
-0.0906077	-0.707741	-0.18069	1.80482	-0.257845	0.530365	0.00260241	
-0.0906072	-0.707741	-0.180689	1.80482	-0.257845	0.530365	0.00260241	
-0.0906073	-0.707741	-0.180689	1.80482	-0.257845	0.530365	0.00260241	
-0.0906073	-0.707741	-0.180689	1.80482	-0.257845	0.530365	0.00260241	
-0.0906073	-0.707741	-0.180689	1.80482	-0.257845	0.530365	0.00260241	
-0.0906073	-0.707741	-0.180689	1.80482	-0.257845	0.530365	0.00260241	
-0.0906073	-0.707741	-0.180689	1.80482	-0.257845	0.530365	0.00260241	
-0.0906073	-0.707741	-0.180689	1.80482	-0.257845	0.530365	0.00260241	
-0.0906073	-0.707741	-0.180689	1.80482	-0.257845	0.530365	0.00260241	
-0.0906073	-0.707741	-0.180689	1.80482	-0.257845	0.530365	0.00260241	
-0.0906073	-0.707741	-0.180689	1.80482	-0.257845	0.530365	0.00260241	
-0.0906073	-0.707741	-0.180689	1.80482	-0.257845	0.530365	0.00260241	
-0.0906073	-0.707741	-0.180689	1.80482	-0.257845	0.530365	0.00260241	
-0.0906073	-0.707741	-0.180689	1.80482	-0.257845	0.530365	0.00260241	
-0.0906073	-0.707741	-0.180689	1.80482	-0.257845	0.530365	0.00260241	
-0.0906073	-0.707741	-0.180689	1.80482	-0.257845	0.530365	0.00260241	
-0.0906073	-0.707741	-0.180689	1.80482	-0.257845	0.530365	0.00260241	
-0.0906073	-0.707741	-0.180689	1.80482	-0.257845	0.530365	0.00260241	
-0.0906073	-0.707741	-0.180689	1.80482	-0.257845	0.530365	0.00260241	
-0.0906073	-0.707741	-0.180689	1.80482	-0.257845	0.530365	0.00260241	
-0.0906073	-0.707741	-0.180689	1.80482	-0.257845	0.530365	0.00260241	
-0.0906073	-0.707741	-0.180689	1.80482	-0.257845	0.530365	0.00260241	
-0.0906073	-0.707741	-0.180689	1.80482	-0.257845	0.530365	0.00260241	
-0.0906073	-0.707741	-0.180689	1.80482	-0.257845	0.530365	0.00260241	
-0.0906073	-0.707741	-0.180689	1.80482	-0.257845	0.530365	0.00260241	
-0.0906073	-0.707741	-0.180689	1.80482	-0.257845	0.530365	0.00260241	
-0.0906073	-0.707741	-0.180689	1.80482	-0.257845	0.530365	0.00260241	
-0.0906073	-0.707741	-0.180689	1.80482	-0.257845	0.530365	0.00260241	
-0.0906073	-0.707741	-0.180689	1.80482	-0.257845	0.530365	0.00260241	
-0.0906073	-0.707741	-0.180689	1.80482	-0.257845	0.530365	0.00260241	
-0.0906073	-0.707741	-0.180689	1.80482	-0.257845	0.530365	0.00260241	
-0.0906073	-0.707741	-0.180689	1.80482	-0.257845	0.530365	0.00260241	
-0.0906073	-0.707741	-0.180689	1.80482	-0.257845	0.530365	0.00260241	
-0.0906073	-0.707741	-0.180689	1.80482	-0.257845	0.530365	0.00260241	
-0.0906073	-0.707741	-0.180689	1.80482	-0.257845	0.530365	0.00260241	
-0.0906073	-0.707741	-0.180689	1.80482	-0.257845	0.530365	0.00260241	
-0.0906073	-0.707741	-0.180689	1.80482	-0.257845	0.530365	0.00260241	
-0.0906073	-0.707741	-0.180689	1.80482	-0.257845	0.530365	0.00260241	
-0.0906073	-0.707741	-0.180689	1.80482	-0.257845	0.530365	0.00260241	
-0.0906073	-0.707741	-0.180689	1.80482	-0.257845	0.530365	0.00260241	
-0.0906073	-0.707741	-0.180689	1.80482	-0.257845	0.530365	0.00260241	
-0.0906073	-0.707741	-0.180689	1.80482	-0.257845	0.530365	0.00260241	
-0.0906073	-0.707741	-0.180689	1.80482	-0.257845	0.530365	0.00260241	
-0.0906073	-0.707741	-0.180689	1.80482	-0.257845	0.530365	0.00260241	
-0.0906073	-0.707741	-0.180689	1.80482	-0.257845	0.530365	0.00260241	
-0.0906073	-0.707741	-0.180689	1.80482	-0.257845	0.530365	0.00260241	
-0.0906073	-0.707741	-0.180689	1.80482	-0.257845	0.530365	0.00260241	
-0.0906073	-0.707741	-0.180689	1.80482	-0.257845	0.530365	0.00260241	
-0.0906073	-0.707741	-0.180689	1.80482	-0.257845	0.530365	0.00260241	
-0.0906073	-0.707741	-0.180689	1.80482	-0.257845	0.530365	0.00260241	
-0.0906073	-0.707741	-0.180689	1.80482	-0.257845	0.530365	0.00260241	
-0.0906073	-0.707741	-0.180689	1.80482	-0.257845	0.530365	0.00260241	
-0.0906073	-0.707741	-0.180689	1.80482	-0.257845	0.530365	0.00260241	
-0.0906073	-0.707741	-0.180689	1.80482	-0.257845	0.530365	0.00260241	
-0.0906073	-0.707741	-0.180689	1.80482	-0.257845	0.530365	0.00260241	
-0.0906073	-0.707741	-0.180689	1.80482	-0.257845	0.530365	0.00260241	
-0.0906073	-0.707741	-0.180689	1.80482	-0.257845	0.530365	0.00260241	
-0.0906073	-0.707741	-0.180689	1.80482	-0.257845	0.530365	0.00260241	
-0.0906073	-0.707741	-0.180689	1.80482	-0.257845	0.530365	0.00260241	
-0.0906073	-0.707741	-0.180689	1.80482	-0.257845	0.530365	0.00260241	
-0.0906073	-0.707741	-0.180689	1.80482	-0.257845	0.530365	0.00260241	
-0.0906073	-0.707741	-0.180689	1.80482	-0.257845	0.530365	0.00260241	
-0.0906073	-0.707741	-0.180689	1.80482	-0.257845	0.530365	0.00260241	
-0.0906073	-0.707741	-0.180689	1.80482	-0.257845	0.530365	0.00260241	
-0.0906073	-0.707741	-0.180689	1.80482	-0.257845	0.530365	0.00260241	
-0.0906073	-0.707741	-0.180689	1.80482	-0.257845	0.530365	0.00260241	
-0.0906073	-0.707741	-0.180689	1.80482	-0.257845	0.530365	0.00260241	
-0.0906073	-0.707741	-0.180689	1.80482	-0.257845	0.530365	0.00260241	
-0.0906073	-0.707741	-0.180689	1.80482	-0.257845	0.530365	0.00260241	
-0.0906073	-0.707741	-0.180689	1.80482	-0.257845	0.530365	0.00260241	
-0.0906073	-0.707741	-0.180689	1.80482	-0.257845	0.530365	0.00260241	
-0.0906073	-0.707741	-0.180689	1.80482	-0.257845	0.530365	0.00260241	
-0.0906073	-0.707741	-0.180689	1.80482	-0.257845	0.530365	0.00260241	
-0.0906073	-0.707741	-0.180689	1.80482	-0.257845	0.530365	0.00260241	
-0.0906073	-0.707741	-0.180689	1.80482	-0.257845	0.530365	0.00260241	
-0.0906073	-0.707741	-0.180689	1.80482	-0.257845	0.530365	0.00260241	
-0.0906073	-0.707741	-0.180689	1.80482	-0.257845	0.530365	0.00260241	
-0.0906073	-0.707741	-0.180689	1.80482	-0.257845	0.530365	0.00260241	
-0.0906073	-0.707741	-0.180689	1.80482	-0.257845	0.530365	0.00260241	
-0.0906073	-0.707741	-0.180689	1.80482	-0.257845	0.530365	0.00260241	
-0.0898454	-0.708022	-0.179166	1.80432	-0.25723	0.529746	0.00260203	
-0.0890836	-0.708223	-0.177642	1.80391	-0.256438	0.529095	0.00260165	
-0.0883218	-0.708407	-0.176118	1.80352	-0.255487	0.528369	0.0026012	
-0.0875599	-0.708572	-0.174595	1.80313	-0.25439	0.527579	0.00260071	
-0.0867981	-0.70872	-0.173071	1.80275	-0.253158	0.52673	0.00260017	
-0.0860363	-0.708853	-0.171547	1.80238	-0.251801	0.525827	0.00259959	
-0.0852744	-0.708973	-0.170024	1.80202	-0.25033	0.524876	0.00259896	
-0.0845126	-0.709082	-0.1685	1.80167	-0.248752	0.52388	0.00259829	
-0.0837507	-0.709181	-0.166976	1.80132	-0.247075	0.522865	0.00259759	
-0.0829889	-0.709276	-0.165452	1.80098	-0.245307	0.521849	0.00259683	
-0.0822271	-0.709374	-0.163929	1.80062	-0.243452	0.520833	0.00259599	
-0.0814652	-0.709475	-0.162405	1.80025	-0.241516	0.519817	0.00259507	
-0.0807034	-0.709579	-0.160881	1.79988	-0.239502	0.518801	0.00259406	
-0.0799416	-0.709686	-0.159358	1.79949	-0.237414	0.517786	0.00259298	
-0.0791797	-0.709797	-0.157834	1.7991	-0.235256	0.51677	0.00259182	
-0.0784179	-0.709912	-0.15631	1.79871	-0.233031	0.515754	0.00259057	
-0.0776561	-0.71003	-0.154787	1.7983	-0.230746	0.514738	0.00258925	
-0.0768942	-0.710153	-0.153263	1.7979	-0.22846	0.513723	0.00258785	
-0.0761324	-0.710277	-0.151739	1.79748	-0.226175	0.512707	0.00258637	
-0.0753705	-0.710404	-0.150216	1.79707	-0.223889	0.511691	0.00258481	
-0.0746087	-0.710532	-0.148692	1.79665	-0.221604	0.510675	0.00258317	
-0.0738469	-0.710663	-0.147168	1.79623	-0.219318	0.509659	0.00258145	
-0.073085	-0.710796	-0.145645	1.79581	-0.217033	0.508644	0.00257964	
-0.0723232	-0.710932	-0.144121	1.79539	-0.214747	0.507628	0.00257773	
-0.0715614	-0.711071	-0.142597	1.79496	-0.212462	0.506612	0.00257573	
-0.0707995	-0.711212	-0.141074	1.79454	-0.210176	0.505596	0.00257362	
-0.0700377	-0.711356	-0.13955	1.79411	-0.207891	0.504581	0.0025714	
-0.0692759	-0.711504	-0.138026	1.79368	-0.205605	0.503565	0.00256906	
-0.068514	-0.711655	-0.136503	1.79325	-0.20332	0.502549	0.0025666	
-0.0677522	-0.71181	-0.134979	1.79282	-0.201034	0.501533	0.00256402	
-0.0669904	-0.711968	-0.133455	1.79238	-0.198749	0.500517	0.0025613	
-0.0662285	-0.712131	-0.131932	1.79195	-0.196463	0.499502	0.00255844	
-0.0654667	-0.712298	-0.130408	1.79151	-0.194178	0.498486	0.00255543	
-0.0647048	-0.712469	-0.128884	1.79108	-0.191892	0.49747	0.00255227	
-0.063943	-0.712646	-0.127361	1.79065	-0.189607	0.496454	0.00254894	
-0.0631812	-0.712827	-0.125837	1.79021	-0.187321	0.495439	0.00254545	
-0.0624193	-0.713014	-0.124313	1.78978	-0.185036	0.494423	0.00254178	
-0.0616575	-0.713206	-0.12279	1.78934	-0.18275	0.493407	0.00253791	
-0.0608957	-0.713403	-0.121266	1.78891	-0.180465	0.492391	0.00253386	
-0.0601338	-0.713607	-0.119742	1.78848	-0.178179	0.491375	0.0025296	
-0.059372	-0.713817	-0.118219	1.78804	-0.175894	0.49036	0.00252512	
-0.0586102	-0.714034	-0.116695	1.78761	-0.173608	0.489344	0.00252041	
-0.0578483	-0.714258	-0.115171	1.78719	-0.171323	0.488328	0.00251548	
-0.0570865	-0.714488	-0.113648	1.78676	-0.169037	0.487312	0.00251029	
-0.0563246	-0.714726	-0.112124	1.78633	-0.166752	0.486296	0.00250485	
-0.0555628	-0.714972	-0.1106	1.78591	-0.164466	0.485281	0.00249913	
-0.054801	-0.715226	-0.109077	1.78549	-0.162181	0.484265	0.00249314	
-0.0540391	-0.715489	-0.107553	1.78508	-0.159895	0.483249	0.00248685	
-0.0532773	-0.71576	-0.106029	1.78466	-0.15761	0.482233	0.00248026	
-0.0525155	-0.71604	-0.104506	1.78425	-0.155324	0.481218	0.00247334	
-0.0517536	-0.716329	-0.102982	1.78385	-0.153039	0.480202	0.00246609	
-0.0509918	-0.716628	-0.101458	1.78344	-0.150753	0.479186	0.00245849	
-0.05023	-0.716937	-0.0999346	1.78305	-0.148468	0.47817	0.00245053	
-0.0494681	-0.717257	-0.0984109	1.78265	-0.146182	0.477154	0.00244218	
-0.0487063	-0.717587	-0.0968872	1.78227	-0.143897	0.476139	0.00243345	
-0.0479444	-0.717928	-0.0953636	1.78188	-0.141611	0.475123	0.0024243	
-0.0471826	-0.718281	-0.0938399	1.78151	-0.139326	0.474107	0.00241472	
-0.0464208	-0.718645	-0.0923162	1.78114	-0.13704	0.473091	0.0024047	
-0.0456589	-0.719021	-0.0907925	1.78077	-0.134755	0.472076	0.00239422	
-0.0448971	-0.71941	-0.0892689	1.78041	-0.132469	0.47106	0.00238325	
-0.0441353	-0.719812	-0.0877452	1.78006	-0.130184	0.470044	0.00237178	
-0.0433734	-0.720227	-0.0862215	1.77972	-0.127898	0.469028	0.0023598	
-0.0426116	-0.720656	-0.0846979	1.77938	-0.125613	0.468012	0.00234727	
-0.0418498	-0.721098	-0.0831742	1.77905	-0.123327	0.466997	0.00233419	
-0.0410879	-0.721555	-0.0816505	1.77873	-0.121042	0.465981	0.00232052	
-0.0403261	-0.722027	-0.0801268	1.77842	-0.118756	0.464965	0.00230625	
-0.0395642	-0.722514	-0.0786032	1.77812	-0.116471	0.463949	0.00229136	
-0.0388024	-0.723016	-0.0770795	1.77782	-0.114185	0.462934	0.00227582	
-0.0380406	-0.723534	-0.0755558	1.77754	-0.111899	0.461918	0.00225961	
-0.0372787	-0.724069	-0.0740321	1.77727	-0.109614	0.460902	0.00224271	
-0.0365169	-0.72462	-0.0725085	1.777	-0.107328	0.459886	0.00222509	
-0.0357551	-0.725189	-0.0709848	1.77675	-0.105043	0.45887	0.00220673	
-0.0349932	-0.725775	-0.0694611	1.77651	-0.102757	0.457855	0.0021876	
-0.0342314	-0.726379	-0.0679375	1.77628	-0.100472	0.456839	0.00216768	
-0.0334696	-0.727001	-0.0664138	1.77607	-0.0981864	0.455823	0.00214694	
-0.0327077	-0.727642	-0.0648901	1.77586	-0.0959009	0.454807	0.00212536	
-0.0319459	-0.728302	-0.0633664	1.77567	-0.0936154	0.453791	0.0021029	
-0.031184	-0.728982	-0.0618428	1.77549	-0.0913299	0.452776	0.00207955	
-0.0304222	-0.729681	-0.0603191	1.77532	-0.0890444	0.45176	0.00205527	
-0.0296604	-0.730401	-0.0587954	1.77517	-0.0867589	0.450744	0.00203004	
-0.0288985	-0.731142	-0.0572718	1.77504	-0.0844734	0.449728	0.00200382	
-0.0281367	-0.731904	-0.0557481	1.77491	-0.0821879	0.448713	0.00197659	
-0.0273749	-0.732687	-0.0542244	1.77481	-0.0799024	0.447697	0.00194831	
-0.026613	-0.733483	-0.0527007	1.77472	-0.0776169	0.446681	0.00191897	
-0.0258512	-0.734278	-0.0511771	1.77464	-0.0753314	0.445665	0.00188846	
-0.0250894	-0.735074	-0.0496534	1.77456	-0.0730458	0.444649	0.00185664	
-0.0243275	-0.73587	-0.0481297	1.77449	-0.0707603	0.443634	0.00182343	
-0.0235657	-0.736665	-0.046606	1.77442	-0.0684748	0.442634	0.00178874	
-0.0228038	-0.737461	-0.0450824	1.77434	-0.0661893	0.441667	0.00175245	
-0.022042	-0.738257	-0.0435587	1.77425	-0.0639038	0.440727	0.00171437	
-0.0212802	-0.739053	-0.042035	1.77414	-0.0616183	0.439815	0.0016744	
-0.0205183	-0.739848	-0.0405114	1.77402	-0.0593328	0.438932	0.00163246	
-0.0197565	-0.740644	-0.0389877	1.77388	-0.0570473	0.438079	0.00158849	
-0.0189947	-0.74144	-0.037464	1.77373	-0.0547618	0.437255	0.00154242	
-0.0182328	-0.742235	-0.0359403	1.77355	-0.0524763	0.436463	0.00149418	
-0.017471	-0.743031	-0.0344167	1.77336	-0.0501908	0.435703	0.00144369	
-0.0167092	-0.743827	-0.032893	1.77315	-0.0479053	0.434975	0.00139088	
-0.0159473	-0.744622	-0.0313693	1.77291	-0.0456197	0.434282	0.00133569	
-0.0151855	-0.745418	-0.0298456	1.77266	-0.0433342	0.433623	0.00127803	
-0.0144237	-0.746214	-0.028322	1.77239	-0.0410487	0.433	0.00121784	
-0.0136618	-0.747009	-0.0267983	1.77275	-0.0387632	0.432796	0.00117758	
-0.0129	-0.747731	-0.0252746	1.77326	-0.0364777	0.432722	0.00114671	
-0.0121381	-0.748337	-0.023751	1.77376	-0.0341922	0.432688	0.00112162	
-0.0113763	-0.748876	-0.0222273	1.7742	-0.0319067	0.432657	0.00110074	
-0.0106145	-0.749349	-0.0207036	1.77459	-0.0296212	0.432632	0.00108364	
-0.00985263	-0.74976	-0.0191799	1.77493	-0.0273357	0.432612	0.00106983	
-0.0090908	-0.750114	-0.0176563	1.77522	-0.0250502	0.432596	0.00105886	
-0.00832896	-0.750414	-0.0161326	1.77546	-0.0227647	0.432584	0.00105032	
-0.00756712	-0.750665	-0.0146089	1.77567	-0.0204791	0.432576	0.00104381	
-0.00680529	-0.750871	-0.0130853	1.77583	-0.0181936	0.43257	0.001039	
-0.00604345	-0.751036	-0.0115616	1.77597	-0.0159081	0.432567	0.00103555	
-0.00528162	-0.751166	-0.0100379	1.77607	-0.0136226	0.432566	0.00103318	
-0.00451978	-0.751263	-0.00851423	1.77615	-0.0113371	0.432567	0.00103165	
-0.00375794	-0.751333	-0.00699056	1.77621	-0.0090516	0.432568	0.00103072	
-0.00299611	-0.751381	-0.00546689	1.77625	-0.00691562	0.432571	0.00103021	
-0.00223427	-0.75141	-0.00394322	1.77627	-0.00524503	0.432573	0.00102997	
-0.00147244	-0.751425	-0.00241954	1.77628	-0.00401777	0.432574	0.00102988	
-0.000710599	-0.75143	-0.000895873	1.77629	-0.00321271	0.432574	0.00102985	
5.12372e-05	-0.751431	0.000617486	1.77629	-0.00280967	0.432573	0.00102985	
0.00011347	-0.751431	0.000700311	1.77629	-0.00278761	0.432573	0.00102985	
0.000109143	-0.751431	0.000694553	1.77629	-0.00278914	0.432573	0.00102985	
0.000109444	-0.751431	0.000694953	1.77629	-0.00278904	0.432573	0.00102985	
0.000109423	-0.751431	0.000694925	1.77629	-0.00278905	0.432573	0.00102985	
0.000109425	-0.751431	0.000694927	1.77629	-0.00278905	0.432573	0.00102985	
0.000109425	-0.751431	0.000694927	1.77629	-0.00278905	0.432573	0.00102985	
0.000109425	-0.751431	0.000694927	1.77629	-0.00278905	0.432573	0.00102985	
0.000109425	-0.751431	0.000694927	1.77629	-0.00278905	0.432573	0.00102985	
0.000109425	-0.751431	0.000694927	1.77629	-0.00278905	0.432573	0.00102985	
0.000109425	-0.751431	0.000694927	1.77629	-0.00278905	0.432573	0.00102985	
0.000109425	-0.751431	0.000694927	1.77629	-0.00278905	0.432573	0.00102985	
0.000109425	-0.751431	0.000694927	1.77629	-0.00278905	0.432573	0.00102985	
0.000109425	-0.751431	0.000694927	1.77629	-0.00278905	0.432573	0.00102985	
0.000109425	-0.751431	0.000694927	1.77629	-0.00278905	0.432573	0.00102985	
0.000109425	-0.751431	0.000694927	1.77629	-0.00278905	0.432573	0.00102985	
0.000109425	-0.751431	0.000694927	1.77629	-0.00278905	0.432573	0.00102985	
0.000109425	-0.751431	0.000694927	1.77629	-0.00278905	0.432573	0.00102985	
0.000109425	-0.751431	0.000694927	1.77629	-0.00278905	0.432573	0.00102985	
0.000109425	-0.751431	0.000694927	1.77629	-0.00278905	0.432573	0.00102985	
0.000109425	-0.751431	0.000694927	1.77629	-0.00278905	0.432573	0.00102985	
0.000109425	-0.751431	0.000694927	1.77629	-0.00278905	0.432573	0.00102985	
0.000109425	-0.751431	0.000694927	1.77629	-0.00278905	0.432573	0.00102985	
0.000109425	-0.751431	0.000694927	1.77629	-0.00278905	0.432573	0.00102985	
0.000109425	-0.751431	0.000694927	1.77629	-0.00278905	0.432573	0.00102985	
0.000109425	-0.751431	0.000694927	1.77629	-0.00278905	0.432573	0.00102985	
0.000109425	-0.751431	0.000694927	1.77629	-0.00278905	0.432573	0.00102985	
0.000109425	-0.751431	0.000694927	1.77629	-0.00278905	0.432573	0.00102985	
0.000109425	-0.751431	0.000694927	1.77629	-0.00278905	0.432573	0.00102985	
0.000109425	-0.751431	0.000694927	1.77629	-0.00278905	0.432573	0.00102985	
0.000109425	-0.751431	0.000694927	1.77629	-0.00278905	0.432573	0.00102985	
0.000109425	-0.751431	0.000694927	1.77629	-0.00278905	0.432573	0.00102985	
0.000109425	-0.751431	0.000694927	1.77629	-0.00278905	0.432573	0.00102985	
0.000109425	-0.751431	0.000694927	1.77629	-0.00278905	0.432573	0.00102985	
0.000109425	-0.751431	0.000694927	1.77629	-0.00278905	0.432573	0.00102985	
0.000109425	-0.751431	0.000694927	1.77629	-0.00278905	0.432573	0.00102985	
0.000109425	-0.751431	0.000694927	1.77629	-0.00278905	0.432573	0.00102985	
0.000109425	-0.751431	0.000694927	1.77629	-0.00278905	0.432573	0.00102985	
0.000109425	-0.751431	0.000694927	1.77629	-0.00278905	0.432573	0.00102985	
0.000109425	-0.751431	0.000694927	1.77629	-0.00278905	0.432573	0.00102985	
0.000109425	-0.751431	0.000694927	1.77629	-0.00278905	0.432573	0.00102985	
0.000109425	-0.751431	0.000694927	1.77629	-0.00278905	0.432573	0.00102985	
0.000109425	-0.751431	0.000694927	1.77629	-0.00278905	0.432573	0.00102985	
0.000109425	-0.751431	0.000694927	1.77629	-0.00278905	0.432573	0.00102985	
0.000109425	-0.751431	0.000694927	1.77629	-0.00278905	0.432573	0.00102985	
0.000109425	-0.751431	0.000694927	1.77629	-0.00278905	0.432573	0.00102985	
0.000109425	-0.751431	0.000694927	1.77629	-0.00278905	0.432573	0.00102985	
0.000109425	-0.751431	0.000694927	1.77629	-0.00278905	0.432573	0.00102985	
0.000109425	-0.751431	0.000694927	1.77629	-0.00278905	0.432573	0.00102985	
0.000109425	-0.751431	0.000694927	1.77629	-0.00278905	0.432573	0.00102985	
0.000109425	-0.751431	0.000694927	1.77629	-0.00278905	0.432573	0.00102985	
0.000109425	-0.751431	0.000694927	1.77629	-0.00278905	0.432573	0.00102985	
0.000109425	-0.751431	0.000694927	1.77629	-0.00278905	0.432573	0.00102985	
0.000109425	-0.751431	0.000694927	1.77629	-0.00278905	0.432573	0.00102985	
0.000109425	-0.751431	0.000694927	1.77629	-0.00278905	0.432573	0.00102985	
0.000109425	-0.751431	0.000694927	1.77629	-0.00278905	0.432573	0.00102985	
0.000109425	-0.751431	0.000694927	1.77629	-0.00278905	0.432573	0.00102985	
0.000109425	-0.751431	0.000694927	1.77629	-0.00278905	0.432573	0.00102985	
0.000109425	-0.751431	0.000694927	1.77629	-0.00278905	0.432573	0.00102985	
0.000109425	-0.751431	0.000694927	1.77629	-0.00278905	0.432573	0.00102985	
0.000109425	-0.751431	0.000694927	1.77629	-0.00278905	0.432573	0.00102985	
0.000109425	-0.751431	0.000694927	1.77629	-0.00278905	0.432573	0.00102985	
0.000109425	-0.751431	0.000694927	1.77629	-0.00278905	0.432573	0.00102985	
0.000109425	-0.751431	0.000694927	1.77629	-0.00278905	0.432573	0.00102985	
0.000109425	-0.751431	0.000694927	1.77629	-0.00278905	0.432573	0.00102985	
0.000109425	-0.751431	0.000694927	1.77629	-0.00278905	0.432573	0.00102985	
0.000109425	-0.751431	0.000694927	1.77629	-0.00278905	0.432573	0.00102985	
0.000109425	-0.751431	0.000694927	1.77629	-0.00278905	0.432573	0.00102985	
0.000109425	-0.751431	0.000694927	1.77629	-0.00278905	0.432573	0.00102985	
0.000109425	-0.751431	0.000694927	1.77629	-0.00278905	0.432573	0.00102985	
0.000109425	-0.751431	0.000694927	1.77629	-0.00278905	0.432573	0.00102985	
0.000109425	-0.751431	0.000694927	1.77629	-0.00278905	0.432573	0.00102985	
0.000109425	-0.751431	0.000694927	1.77629	-0.00278905	0.432573	0.00102985	
0.000109425	-0.751431	0.000694927	1.77629	-0.00278905	0.432573	0.00102985	
0.000109425	-0.751431	0.000694927	1.77629	-0.00278905	0.432573	0.00102985	
0.000109425	-0.751431	0.000694927	1.77629	-0.00278905	0.432573	0.00102985	
0.000109425	-0.751431	0.000694927	1.77629	-0.00278905	0.432573	0.00102985	
0.000109425	-0.751431	0.000694927	1.77629	-0.00278905	0.432573	0.00102985	
0.000109425	-0.751431	0.000694927	1.77629	-0.00278905	0.432573	0.00102985	
0.000109425	-0.751431	0.000694927	1.77629	-0.00278905	0.432573	0.00102985	
0.000109425	-0.751431	0.000694927	1.77629	-0.00278905	0.432573	0.00102985	
0.000109425	-0.751431	0.000694927	1.77629	-0.00278905	0.432573	0.00102985	
-0.000652412	-0.751438	-0.000828745	1.77629	-0.00335921	0.432579	0.00102986	
-0.00141425	-0.75145	-0.00235242	1.77629	-0.00410875	0.432588	0.00102989	
-0.00217608	-0.751468	-0.00387609	1.77629	-0.00502902	0.432602	0.00102995	
-0.00293792	-0.751493	-0.00539976	1.77629	-0.0061118	0.432621	0.00103005	
-0.00369976	-0.751527	-0.00692343	1.77629	-0.00734923	0.432648	0.00103022	
-0.00446159	-0.751569	-0.00844711	1.77629	-0.00873385	0.432683	0.00103046	
-0.00522343	-0.751621	-0.00997078	1.77629	-0.0102585	0.432727	0.00103078	
-0.00598527	-0.751683	-0.0114945	1.77629	-0.0119165	0.432782	0.00103121	
-0.0067471	-0.751756	-0.0130181	1.77629	-0.0137013	0.432849	0.00103175	
-0.00750894	-0.751841	-0.0145418	1.77629	-0.0156068	0.43293	0.00103241	
-0.00827077	-0.751938	-0.0160655	1.77628	-0.017627	0.433026	0.00103321	
-0.00903261	-0.752047	-0.0175891	1.77628	-0.0197564	0.433137	0.00103415	
-0.00979445	-0.752171	-0.0191128	1.77628	-0.0219896	0.433266	0.00103525	
-0.0105563	-0.752308	-0.0206365	1.77627	-0.0242751	0.433414	0.0010365	
-0.0113181	-0.752459	-0.0221602	1.77626	-0.0265606	0.43358	0.00103792	
-0.01208	-0.752625	-0.0236838	1.77625	-0.0288461	0.433768	0.00103952	
-0.0128418	-0.752808	-0.0252075	1.77623	-0.0311316	0.433976	0.00104133	
-0.0136036	-0.753006	-0.0267312	1.77622	-0.0334172	0.434207	0.00104334	
-0.0143655	-0.753222	-0.0282548	1.7762	-0.0357027	0.434462	0.00104558	
-0.0151273	-0.753455	-0.0297785	1.77618	-0.0379882	0.434741	0.00104807	
-0.0158891	-0.753707	-0.0313022	1.77615	-0.0402737	0.435045	0.00105082	
-0.016651	-0.753978	-0.0328259	1.77613	-0.0425592	0.435376	0.00105384	
-0.0174128	-0.754268	-0.0343495	1.7761	-0.0448447	0.435734	0.00105715	
-0.0181746	-0.754578	-0.0358732	1.77606	-0.0471302	0.436121	0.00106077	
-0.0189365	-0.754909	-0.0373969	1.77603	-0.0494157	0.436536	0.00106472	
-0.0196983	-0.755261	-0.0389206	1.77599	-0.0517012	0.436982	0.00106901	
-0.0204602	-0.755635	-0.0404442	1.77594	-0.0539867	0.437459	0.00107366	
-0.021222	-0.756031	-0.0419679	1.7759	-0.0562722	0.437967	0.00107868	
-0.0219838	-0.75645	-0.0434916	1.77584	-0.0585578	0.438508	0.0010841	
-0.0227457	-0.756892	-0.0450152	1.77579	-0.0608433	0.439083	0.00108993	
-0.0235075	-0.757358	-0.0465389	1.77573	-0.0631288	0.439692	0.00109619	
-0.0242693	-0.757848	-0.0480626	1.77566	-0.0654143	0.440336	0.00110289	
-0.0250312	-0.758363	-0.0495863	1.77559	-0.0676998	0.441016	0.00111005	
-0.025793	-0.758902	-0.0511099	1.77552	-0.0699853	0.441732	0.00111768	
-0.0265548	-0.759468	-0.0526336	1.77544	-0.0722708	0.442486	0.00112581	
-0.0273167	-0.760059	-0.0541573	1.77536	-0.0745563	0.443278	0.00113445	
-0.0280785	-0.760676	-0.055681	1.77527	-0.0768418	0.444108	0.00114361	
-0.0288404	-0.761319	-0.0572046	1.77517	-0.0791273	0.444977	0.00115331	
-0.0296022	-0.76199	-0.0587283	1.77507	-0.0814128	0.445885	0.00116356	
-0.030364	-0.762687	-0.060252	1.77496	-0.0836983	0.446834	0.00117437	
-0.0311259	-0.763412	-0.0617756	1.77485	-0.0859839	0.447824	0.00118576	
-0.0318877	-0.764164	-0.0632993	1.77473	-0.0882694	0.44884	0.00119775	
-0.0326495	-0.764941	-0.064823	1.77462	-0.0905549	0.449856	0.00121028	
-0.0334114	-0.765734	-0.0663467	1.7745	-0.0928404	0.450871	0.00122326	
-0.0341732	-0.766529	-0.0678703	1.7744	-0.0951259	0.451887	0.0012367	
-0.034935	-0.767325	-0.069394	1.77431	-0.0974114	0.452903	0.00125066	
-0.0356969	-0.768121	-0.0709177	1.77421	-0.0996969	0.453919	0.00126517	
-0.0364587	-0.768916	-0.0724413	1.77411	-0.101982	0.454935	0.00128028	
-0.0372206	-0.769712	-0.073965	1.77401	-0.104268	0.45595	0.00129598	
-0.0379824	-0.770508	-0.0754887	1.77391	-0.106553	0.456966	0.0013123	
-0.0387442	-0.771304	-0.0770124	1.77381	-0.108839	0.457982	0.00132924	
-0.0395061	-0.772099	-0.078536	1.77371	-0.111124	0.458998	0.0013468	
-0.0402679	-0.772895	-0.0800597	1.7736	-0.11341	0.460013	0.00136499	
-0.0410297	-0.773691	-0.0815834	1.77349	-0.115695	0.461029	0.00138382	
-0.0417916	-0.774486	-0.0831071	1.77338	-0.117981	0.462045	0.00140329	
-0.0425534	-0.775282	-0.0846307	1.77326	-0.120266	0.463061	0.0014234	
-0.0433152	-0.776078	-0.0861544	1.77315	-0.122552	0.464077	0.00144416	
-0.0440771	-0.776873	-0.0876781	1.77303	-0.124838	0.465092	0.00146556	
-0.0448389	-0.777669	-0.0892017	1.77291	-0.127123	0.466108	0.00148761	
-0.0456007	-0.778465	-0.0907254	1.77279	-0.129409	0.467124	0.00151032	
-0.0463626	-0.77926	-0.0922491	1.77267	-0.131694	0.46814	0.00153367	
-0.0471244	-0.780056	-0.0937728	1.77254	-0.13398	0.469156	0.00155767	
-0.0478863	-0.780852	-0.0952964	1.77241	-0.136265	0.470171	0.00158231	
-0.0486481	-0.781648	-0.0968201	1.77228	-0.138551	0.471187	0.0016076	
-0.0494099	-0.782443	-0.0983438	1.77215	-0.140836	0.472203	0.00163353	
-0.0501718	-0.783239	-0.0998675	1.77202	-0.143122	0.473219	0.0016601	
-0.0509336	-0.784035	-0.101391	1.77188	-0.145407	0.474234	0.00168729	
-0.0516954	-0.78483	-0.102915	1.77174	-0.147693	0.47525	0.00171512	
-0.0524573	-0.785626	-0.104438	1.7716	-0.149978	0.476266	0.00174356	
-0.0532191	-0.786422	-0.105962	1.77146	-0.152264	0.477282	0.00177262	
-0.0539809	-0.787217	-0.107486	1.77132	-0.154549	0.478298	0.00180228	
-0.0547428	-0.788013	-0.109009	1.77117	-0.156835	0.479313	0.00183254	
-0.0555046	-0.788809	-0.110533	1.77102	-0.15912	0.480329	0.00186338	
-0.0562665	-0.789604	-0.112057	1.77087	-0.161406	0.481345	0.00189481	
-0.0570283	-0.7904	-0.113581	1.77072	-0.163691	0.482361	0.00192679	
-0.0577901	-0.791196	-0.115104	1.77057	-0.165977	0.483376	0.00195934	
-0.058552	-0.791992	-0.116628	1.77042	-0.168262	0.484392	0.00199242	
-0.0593138	-0.792787	-0.118152	1.77026	-0.170548	0.485408	0.00202604	
-0.0600756	-0.793583	-0.119675	1.7701	-0.172833	0.486424	0.00206017	
-0.0608375	-0.794379	-0.121199	1.76994	-0.175119	0.48744	0.0020948	
-0.0615993	-0.795174	-0.122723	1.76978	-0.177404	0.488455	0.00212991	
-0.0623611	-0.79597	-0.124246	1.76961	-0.17969	0.489471	0.00216549	
-0.063123	-0.796766	-0.12577	1.76945	-0.181975	0.490487	0.00220153	
-0.0638848	-0.797561	-0.127294	1.76928	-0.184261	0.491503	0.002238	
-0.0646467	-0.798357	-0.128817	1.76911	-0.186546	0.492518	0.00227488	
-0.0654085	-0.799153	-0.130341	1.76894	-0.188832	0.493534	0.00231216	
-0.0661703	-0.799949	-0.131865	1.76877	-0.191117	0.49455	0.00234983	
-0.0669322	-0.800744	-0.133388	1.7686	-0.193403	0.495566	0.00238784	
-0.067694	-0.80154	-0.134912	1.76842	-0.195688	0.496582	0.0024262	
-0.0684558	-0.802336	-0.136436	1.76824	-0.197974	0.497597	0.00246487	
-0.0692177	-0.803131	-0.137959	1.76807	-0.200259	0.498613	0.00250383	
-0.0699795	-0.803927	-0.139483	1.76789	-0.202545	0.499629	0.00254307	
-0.0707413	-0.804723	-0.141007	1.76771	-0.20483	0.500645	0.00258255	
-0.0715032	-0.805518	-0.14253	1.76752	-0.207116	0.501661	0.00262226	
-0.072265	-0.806314	-0.144054	1.76734	-0.209401	0.502676	0.00266216	
-0.0730269	-0.80711	-0.145578	1.76715	-0.211687	0.503692	0.00270224	
-0.0737887	-0.807905	-0.147101	1.76697	-0.213972	0.504708	0.00274248	
-0.0745505	-0.808701	-0.148625	1.76678	-0.216258	0.505724	0.00278284	
-0.0753124	-0.809497	-0.150149	1.76659	-0.218543	0.506739	0.00282329	
-0.0760742	-0.810293	-0.151672	1.7664	-0.220829	0.507755	0.00286382	
-0.076836	-0.811088	-0.153196	1.76636	-0.223114	0.508771	0.00289484	
