0.45
-0.00172096	-0.633954	-0.00207019	1.82237	-0.000564258	0.433273	-2.14719e-05	
-0.00338882	-0.634156	-0.00402782	1.82211	-0.00109872	0.433121	-2.12055e-05	
-0.00510625	-0.634166	-0.00604455	1.8221	-0.00164925	0.43312	-2.11832e-05	
-0.00682349	-0.634175	-0.00806106	1.82209	-0.00219972	0.433121	-2.11603e-05	
-0.00854054	-0.634185	-0.0100774	1.82209	-0.00275013	0.433122	-2.11334e-05	
-0.0102574	-0.634197	-0.0120934	1.82208	-0.00330046	0.433123	-2.11023e-05	
-0.0119739	-0.63421	-0.0141091	1.82207	-0.0038507	0.433123	-2.1067e-05	
-0.0136902	-0.634224	-0.0161244	1.82206	-0.00440083	0.433122	-2.10276e-05	
-0.0154061	-0.634239	-0.0181394	1.82204	-0.00495084	0.433122	-2.09839e-05	
-0.0171215	-0.634256	-0.0201538	1.82203	-0.00550071	0.433121	-2.09362e-05	
-0.0188365	-0.634273	-0.0221676	1.82201	-0.00605042	0.433119	-2.08843e-05	
-0.020551	-0.634292	-0.0241809	1.82199	-0.00659996	0.433117	-2.08282e-05	
-0.022265	-0.634313	-0.0261935	1.82197	-0.00714931	0.433115	-2.07681e-05	
-0.0239783	-0.634334	-0.0282054	1.82194	-0.00769846	0.433112	-2.07038e-05	
-0.0256909	-0.634357	-0.0302166	1.82192	-0.00824739	0.433109	-2.06354e-05	
-0.0274029	-0.634381	-0.0322268	1.82189	-0.00879607	0.433106	-2.0563e-05	
-0.0291141	-0.634406	-0.0342363	1.82186	-0.00934451	0.433102	-2.04864e-05	
-0.0308245	-0.634433	-0.0362447	1.82183	-0.00989267	0.433098	-2.04058e-05	
-0.032534	-0.634461	-0.0382522	1.8218	-0.0104406	0.433094	-2.03212e-05	
-0.0342426	-0.63449	-0.0402586	1.82177	-0.0109881	0.433089	-2.02325e-05	
-0.0359503	-0.63452	-0.0422639	1.82173	-0.0115354	0.433084	-2.01399e-05	
-0.037657	-0.634552	-0.044268	1.82169	-0.0120823	0.433078	-2.00432e-05	
-0.0393627	-0.634584	-0.046271	1.82165	-0.0126289	0.433072	-1.99425e-05	
-0.0410672	-0.634618	-0.0482726	1.82161	-0.0131751	0.433066	-1.98379e-05	
-0.0427706	-0.634653	-0.0502729	1.82157	-0.0137209	0.433059	-1.97294e-05	
-0.0444729	-0.63469	-0.0522718	1.82152	-0.0142664	0.433052	-1.96169e-05	
-0.0461739	-0.634727	-0.0542693	1.82147	-0.0148114	0.433044	-1.95006e-05	
-0.0478736	-0.634766	-0.0562653	1.82142	-0.015356	0.433036	-1.93803e-05	
-0.049572	-0.634806	-0.0582598	1.82137	-0.0159002	0.433028	-1.92562e-05	
-0.051269	-0.634847	-0.0602526	1.82132	-0.0164439	0.433019	-1.91283e-05	
-0.0529647	-0.63489	-0.0622438	1.82127	-0.0169871	0.43301	-1.89966e-05	
-0.0546588	-0.634933	-0.0642333	1.82121	-0.0175298	0.433001	-1.88611e-05	
-0.0563515	-0.634978	-0.066221	1.82115	-0.0180721	0.432991	-1.87219e-05	
-0.0580426	-0.635024	-0.0682069	1.82109	-0.0186138	0.432981	-1.85789e-05	
-0.0597321	-0.635071	-0.0701909	1.82103	-0.019155	0.432971	-1.84323e-05	
-0.0614199	-0.635119	-0.0721731	1.82097	-0.0196956	0.43296	-1.82819e-05	
-0.0631061	-0.635169	-0.0741532	1.8209	-0.0202357	0.432949	-1.8128e-05	
-0.0647906	-0.635219	-0.0761314	1.82083	-0.0207752	0.432938	-1.79704e-05	
-0.0664732	-0.635271	-0.0781074	1.82077	-0.0213141	0.432926	-1.78092e-05	
-0.0681541	-0.635324	-0.0800814	1.8207	-0.0218524	0.432914	-1.76444e-05	
-0.0698331	-0.635378	-0.0820532	1.82062	-0.0223901	0.432901	-1.74762e-05	
-0.0715102	-0.635433	-0.0840227	1.82055	-0.0229271	0.432888	-1.73044e-05	
-0.0731854	-0.63549	-0.08599	1.82048	-0.0234635	0.432875	-1.71292e-05	
-0.0748586	-0.635547	-0.087955	1.8204	-0.0239993	0.432861	-1.69505e-05	
-0.0765297	-0.635606	-0.0899176	1.82032	-0.0245344	0.432847	-1.67685e-05	
-0.0781988	-0.635666	-0.0918778	1.82024	-0.0250687	0.432833	-1.65831e-05	
-0.0798658	-0.635726	-0.0938355	1.82016	-0.0256024	0.432819	-1.63943e-05	
-0.0815306	-0.635788	-0.0957907	1.82007	-0.0261354	0.432804	-1.62023e-05	
-0.0831932	-0.635851	-0.0977434	1.81999	-0.0266676	0.432788	-1.6007e-05	
-0.0848536	-0.635915	-0.0996934	1.8199	-0.0271991	0.432773	-1.58084e-05	
-0.0865118	-0.635981	-0.101641	1.81981	-0.0277298	0.432757	-1.56067e-05	
-0.0881676	-0.636047	-0.103586	1.81972	-0.0282598	0.43274	-1.54018e-05	
-0.0898211	-0.636114	-0.105527	1.81963	-0.028789	0.432724	-1.51938e-05	
-0.0914722	-0.636183	-0.107467	1.81954	-0.0293173	0.432707	-1.49827e-05	
-0.0931208	-0.636252	-0.109403	1.81944	-0.0298449	0.43269	-1.47686e-05	
-0.094767	-0.636323	-0.111336	1.81935	-0.0303717	0.432672	-1.45514e-05	
-0.0964107	-0.636394	-0.113267	1.81925	-0.0308976	0.432654	-1.43313e-05	
-0.0980519	-0.636467	-0.115195	1.81915	-0.0314227	0.432636	-1.41082e-05	
-0.0996905	-0.636541	-0.117119	1.81905	-0.0319469	0.432617	-1.38823e-05	
-0.101326	-0.636615	-0.119041	1.81894	-0.0324703	0.432599	-1.36535e-05	
-0.10296	-0.636691	-0.120959	1.81884	-0.0329928	0.432579	-1.34219e-05	
-0.10459	-0.636768	-0.122874	1.81873	-0.0335144	0.43256	-1.31875e-05	
-0.106218	-0.636846	-0.124787	1.81863	-0.034035	0.43254	-1.29503e-05	
-0.107844	-0.636924	-0.126695	1.81852	-0.0345548	0.43252	-1.27105e-05	
-0.109466	-0.637004	-0.128601	1.81841	-0.0350737	0.4325	-1.2468e-05	
-0.111086	-0.637085	-0.130504	1.8183	-0.0355916	0.432479	-1.22229e-05	
-0.112702	-0.637166	-0.132403	1.81818	-0.0361085	0.432458	-1.19752e-05	
-0.114316	-0.637249	-0.134298	1.81807	-0.0366245	0.432437	-1.17249e-05	
-0.115927	-0.637332	-0.136191	1.81795	-0.0371396	0.432415	-1.14722e-05	
-0.117535	-0.637417	-0.138079	1.81784	-0.0376536	0.432394	-1.1217e-05	
-0.11914	-0.637502	-0.139965	1.81772	-0.0381667	0.432371	-1.09594e-05	
-0.120742	-0.637589	-0.141847	1.8176	-0.0386788	0.432349	-1.06994e-05	
-0.122341	-0.637676	-0.143725	1.81748	-0.0391898	0.432326	-1.04371e-05	
-0.123937	-0.637764	-0.1456	1.81735	-0.0396999	0.432303	-1.01724e-05	
-0.12553	-0.637854	-0.147471	1.81723	-0.0402089	0.43228	-9.90557e-06	
-0.127119	-0.637944	-0.149338	1.8171	-0.0407168	0.432257	-9.63649e-06	
-0.128706	-0.638034	-0.151202	1.81698	-0.0412238	0.432233	-9.36524e-06	
-0.130289	-0.638126	-0.153062	1.81685	-0.0417296	0.432209	-9.09186e-06	
-0.131869	-0.638219	-0.154918	1.81672	-0.0422344	0.432184	-8.8164e-06	
-0.133446	-0.638313	-0.156771	1.81659	-0.0427381	0.43216	-8.53889e-06	
-0.13502	-0.638407	-0.158619	1.81645	-0.0432408	0.432135	-8.25938e-06	
-0.13659	-0.638502	-0.160464	1.81632	-0.0437423	0.43211	-7.97791e-06	
-0.138157	-0.638598	-0.162305	1.81619	-0.0442427	0.432085	-7.69452e-06	
-0.138157	-0.638598	-0.162305	1.81619	-0.0442427	0.432085	-7.69452e-06	
-0.141337	-0.638807	-0.16604	1.81591	-0.0452575	0.432035	-6.47728e-06	
-0.142836	-0.638899	-0.167801	1.81578	-0.045736	0.432011	-6.21202e-06	
-0.144392	-0.638999	-0.169629	1.81564	-0.0462326	0.431985	-5.92037e-06	
-0.145941	-0.639099	-0.17145	1.8155	-0.0467274	0.431958	-5.62803e-06	
-0.147488	-0.6392	-0.173267	1.81536	-0.0472211	0.431932	-5.33398e-06	
-0.149031	-0.639302	-0.17508	1.81521	-0.0477136	0.431905	-5.0383e-06	
-0.15057	-0.639405	-0.176888	1.81507	-0.0482049	0.431877	-4.74103e-06	
-0.152106	-0.639508	-0.178693	1.81492	-0.048695	0.43185	-4.4422e-06	
-0.153639	-0.639612	-0.180494	1.81478	-0.049184	0.431822	-4.14187e-06	
-0.155167	-0.639717	-0.18229	1.81463	-0.0496718	0.431794	-3.84007e-06	
-0.156692	-0.639822	-0.184082	1.81448	-0.0501584	0.431766	-3.53684e-06	
-0.158214	-0.639929	-0.18587	1.81433	-0.0506438	0.431737	-3.23221e-06	
-0.159732	-0.640036	-0.187653	1.81418	-0.051128	0.431709	-2.92624e-06	
-0.161246	-0.640143	-0.189433	1.81403	-0.051611	0.43168	-2.61896e-06	
-0.162757	-0.640252	-0.191208	1.81388	-0.0520927	0.431651	-2.31041e-06	
-0.164263	-0.640361	-0.192978	1.81372	-0.0525732	0.431622	-2.00063e-06	
-0.164181	-0.640354	-0.192881	1.81373	-0.0525468	0.431624	-1.99963e-06	
-0.164185	-0.640354	-0.192887	1.81373	-0.0525483	0.431624	-1.99962e-06	
-0.164185	-0.640354	-0.192886	1.81373	-0.0525482	0.431624	-1.99962e-06	
-0.164185	-0.640354	-0.192886	1.81373	-0.0525482	0.431624	-1.99962e-06	
-0.164185	-0.640354	-0.192886	1.81373	-0.0525482	0.431624	-1.99962e-06	
-0.164185	-0.640354	-0.192886	1.81373	-0.0525482	0.431624	-1.99962e-06	
-0.164185	-0.640354	-0.192886	1.81373	-0.0525482	0.431624	-1.99962e-06	
-0.164185	-0.640354	-0.192886	1.81373	-0.0525482	0.431624	-1.99962e-06	
-0.164185	-0.640354	-0.192886	1.81373	-0.0525482	0.431624	-1.99962e-06	
-0.164185	-0.640354	-0.192886	1.81373	-0.0525482	0.431624	-1.99962e-06	
-0.164185	-0.640354	-0.192886	1.81373	-0.0525482	0.431624	-1.99962e-06	
-0.164185	-0.640354	-0.192886	1.81373	-0.0525482	0.431624	-1.99962e-06	
-0.164185	-0.640354	-0.192886	1.81373	-0.0525482	0.431624	-1.99962e-06	
-0.164185	-0.640354	-0.192886	1.81373	-0.0525482	0.431624	-1.99962e-06	
-0.164185	-0.640354	-0.192886	1.81373	-0.0525482	0.431624	-1.99962e-06	
-0.164185	-0.640354	-0.192886	1.81373	-0.0525482	0.431624	-1.99962e-06	
-0.164185	-0.640354	-0.192886	1.81373	-0.0525482	0.431624	-1.99962e-06	
-0.164185	-0.640354	-0.192886	1.81373	-0.0525482	0.431624	-1.99962e-06	
-0.164185	-0.640354	-0.192886	1.81373	-0.0525482	0.431624	-1.99962e-06	
-0.164185	-0.640354	-0.192886	1.81373	-0.0525482	0.431624	-1.99962e-06	
-0.164185	-0.640354	-0.192886	1.81373	-0.0525482	0.431624	-1.99962e-06	
-0.164185	-0.640354	-0.192886	1.81373	-0.0525482	0.431624	-1.99962e-06	
-0.164185	-0.640354	-0.192886	1.81373	-0.0525482	0.431624	-1.99962e-06	
-0.164185	-0.640354	-0.192886	1.81373	-0.0525482	0.431624	-1.99962e-06	
-0.164185	-0.640354	-0.192886	1.81373	-0.0525482	0.431624	-1.99962e-06	
-0.164185	-0.640354	-0.192886	1.81373	-0.0525482	0.431624	-1.99962e-06	
-0.164185	-0.640354	-0.192886	1.81373	-0.0525482	0.431624	-1.99962e-06	
-0.164185	-0.640354	-0.192886	1.81373	-0.0525482	0.431624	-1.99962e-06	
-0.164185	-0.640354	-0.192886	1.81373	-0.0525482	0.431624	-1.99962e-06	
-0.164185	-0.640354	-0.192886	1.81373	-0.0525482	0.431624	-1.99962e-06	
-0.164185	-0.640354	-0.192886	1.81373	-0.0525482	0.431624	-1.99962e-06	
-0.164185	-0.640354	-0.192886	1.81373	-0.0525482	0.431624	-1.99962e-06	
-0.164185	-0.640354	-0.192886	1.81373	-0.0525482	0.431624	-1.99962e-06	
-0.164185	-0.640354	-0.192886	1.81373	-0.0525482	0.431624	-1.99962e-06	
-0.164185	-0.640354	-0.192886	1.81373	-0.0525482	0.431624	-1.99962e-06	
-0.164185	-0.640354	-0.192886	1.81373	-0.0525482	0.431624	-1.99962e-06	
-0.164185	-0.640354	-0.192886	1.81373	-0.0525482	0.431624	-1.99962e-06	
-0.164185	-0.640354	-0.192886	1.81373	-0.0525482	0.431624	-1.99962e-06	
-0.164185	-0.640354	-0.192886	1.81373	-0.0525482	0.431624	-1.99962e-06	
-0.164185	-0.640354	-0.192886	1.81373	-0.0525482	0.431624	-1.99962e-06	
-0.164185	-0.640354	-0.192886	1.81373	-0.0525482	0.431624	-1.99962e-06	
-0.164185	-0.640354	-0.192886	1.81373	-0.0525482	0.431624	-1.99962e-06	
-0.164185	-0.640354	-0.192886	1.81373	-0.0525482	0.431624	-1.99962e-06	
-0.164185	-0.640354	-0.192886	1.81373	-0.0525482	0.431624	-1.99962e-06	
-0.164185	-0.640354	-0.192886	1.81373	-0.0525482	0.431624	-1.99962e-06	
-0.164185	-0.640354	-0.192886	1.81373	-0.0525482	0.431624	-1.99962e-06	
-0.164185	-0.640354	-0.192886	1.81373	-0.0525482	0.431624	-1.99962e-06	
-0.164185	-0.640354	-0.192886	1.81373	-0.0525482	0.431624	-1.99962e-06	
-0.164185	-0.640354	-0.192886	1.81373	-0.0525482	0.431624	-1.99962e-06	
-0.164185	-0.640354	-0.192886	1.81373	-0.0525482	0.431624	-1.99962e-06	
-0.164185	-0.640354	-0.192886	1.81373	-0.0525482	0.431624	-1.99962e-06	
-0.164185	-0.640354	-0.192886	1.81373	-0.0525482	0.431624	-1.99962e-06	
-0.164185	-0.640354	-0.192886	1.81373	-0.0525482	0.431624	-1.99962e-06	
-0.164185	-0.640354	-0.192886	1.81373	-0.0525482	0.431624	-1.99962e-06	
-0.164185	-0.640354	-0.192886	1.81373	-0.0525482	0.431624	-1.99962e-06	
-0.164185	-0.640354	-0.192886	1.81373	-0.0525482	0.431624	-1.99962e-06	
-0.164185	-0.640354	-0.192886	1.81373	-0.0525482	0.431624	-1.99962e-06	
-0.164185	-0.640354	-0.192886	1.81373	-0.0525482	0.431624	-1.99962e-06	
-0.164185	-0.640354	-0.192886	1.81373	-0.0525482	0.431624	-1.99962e-06	
-0.164185	-0.640354	-0.192886	1.81373	-0.0525482	0.431624	-1.99962e-06	
-0.164185	-0.640354	-0.192886	1.81373	-0.0525482	0.431624	-1.99962e-06	
-0.164185	-0.640354	-0.192886	1.81373	-0.0525482	0.431624	-1.99962e-06	
-0.164185	-0.640354	-0.192886	1.81373	-0.0525482	0.431624	-1.99962e-06	
-0.164185	-0.640354	-0.192886	1.81373	-0.0525482	0.431624	-1.99962e-06	
-0.164185	-0.640354	-0.192886	1.81373	-0.0525482	0.431624	-1.99962e-06	
-0.164185	-0.640354	-0.192886	1.81373	-0.0525482	0.431624	-1.99962e-06	
-0.164185	-0.640354	-0.192886	1.81373	-0.0525482	0.431624	-1.99962e-06	
-0.164185	-0.640354	-0.192886	1.81373	-0.0525482	0.431624	-1.99962e-06	
-0.164185	-0.640354	-0.192886	1.81373	-0.0525482	0.431624	-1.99962e-06	
-0.164185	-0.640354	-0.192886	1.81373	-0.0525482	0.431624	-1.99962e-06	
-0.164185	-0.640354	-0.192886	1.81373	-0.0525482	0.431624	-1.99962e-06	
-0.164185	-0.640354	-0.192886	1.81373	-0.0525482	0.431624	-1.99962e-06	
-0.164185	-0.640354	-0.192886	1.81373	-0.0525482	0.431624	-1.99962e-06	
-0.164185	-0.640354	-0.192886	1.81373	-0.0525482	0.431624	-1.99962e-06	
-0.164185	-0.640354	-0.192886	1.81373	-0.0525482	0.431624	-1.99962e-06	
-0.164185	-0.640354	-0.192886	1.81373	-0.0525482	0.431624	-1.99962e-06	
-0.164185	-0.640354	-0.192886	1.81373	-0.0525482	0.431624	-1.99962e-06	
-0.164185	-0.640354	-0.192886	1.81373	-0.0525482	0.431624	-1.99962e-06	
-0.164185	-0.640354	-0.192886	1.81373	-0.0525482	0.431624	-1.99962e-06	
-0.164185	-0.640354	-0.192886	1.81373	-0.0525482	0.431624	-1.99962e-06	
-0.164185	-0.640354	-0.192886	1.81373	-0.0525482	0.431624	-1.99962e-06	
-0.164185	-0.640354	-0.192886	1.81373	-0.0525482	0.431624	-1.99962e-06	
-0.164185	-0.640354	-0.192886	1.81373	-0.0525482	0.431624	-1.99962e-06	
-0.164185	-0.640354	-0.192886	1.81373	-0.0525482	0.431624	-1.99962e-06	
-0.164185	-0.640354	-0.192886	1.81373	-0.0525482	0.431624	-1.99962e-06	
-0.164185	-0.640354	-0.192886	1.81373	-0.0525482	0.431624	-1.99962e-06	
-0.164185	-0.640354	-0.192886	1.81373	-0.0525482	0.431624	-1.99962e-06	
-0.164185	-0.640354	-0.192886	1.81373	-0.0525482	0.431624	-1.99962e-06	
-0.164185	-0.640354	-0.192886	1.81373	-0.0525482	0.431624	-1.99962e-06	
-0.164185	-0.640354	-0.192886	1.81373	-0.0525482	0.431624	-1.99962e-06	
-0.164185	-0.640354	-0.192886	1.81373	-0.0525482	0.431624	-1.99962e-06	
-0.164185	-0.640354	-0.192886	1.81373	-0.0525482	0.431624	-1.99962e-06	
-0.164185	-0.640354	-0.192886	1.81373	-0.0525482	0.431624	-1.99962e-06	
-0.164185	-0.640354	-0.192886	1.81373	-0.0525482	0.431624	-1.99962e-06	
-0.164185	-0.640354	-0.192886	1.81373	-0.0525482	0.431624	-1.99962e-06	
-0.164185	-0.640354	-0.192886	1.81373	-0.0525482	0.431624	-1.99962e-06	
-0.164185	-0.640354	-0.192886	1.81373	-0.0525482	0.431624	-1.99962e-06	
-0.164185	-0.640354	-0.192886	1.81373	-0.0525482	0.431624	-1.99962e-06	
-0.164185	-0.640354	-0.192886	1.81373	-0.0525482	0.431624	-1.99962e-06	
-0.164185	-0.640354	-0.192886	1.81373	-0.0525482	0.431624	-1.99962e-06	
-0.162562	-0.640779	-0.190898	1.81317	-0.0520189	0.43123	-2.3356e-06	
-0.161026	-0.641179	-0.189017	1.81263	-0.0515185	0.430859	-2.63548e-06	
-0.159484	-0.641583	-0.187125	1.8121	-0.0510161	0.430486	-2.9425e-06	
-0.15794	-0.641988	-0.185231	1.81156	-0.0505134	0.430112	-3.2541e-06	
-0.156394	-0.642395	-0.183333	1.81101	-0.0500103	0.429737	-3.57045e-06	
-0.154846	-0.642804	-0.181431	1.81047	-0.0495068	0.429361	-3.89158e-06	
-0.153296	-0.643214	-0.179526	1.80992	-0.049003	0.428984	-4.2175e-06	
-0.151745	-0.643627	-0.177617	1.80937	-0.0484988	0.428606	-4.54825e-06	
-0.150191	-0.644041	-0.175705	1.80882	-0.0479943	0.428227	-4.88383e-06	
-0.148636	-0.644457	-0.17379	1.80827	-0.0474895	0.427848	-5.22429e-06	
-0.147079	-0.644875	-0.171871	1.80771	-0.0469844	0.427468	-5.56962e-06	
-0.14552	-0.645295	-0.169949	1.80715	-0.0464791	0.427086	-5.91987e-06	
-0.14396	-0.645717	-0.168024	1.80659	-0.0459734	0.426704	-6.27504e-06	
-0.142398	-0.64614	-0.166096	1.80603	-0.0454675	0.426322	-6.63516e-06	
-0.140835	-0.646565	-0.164164	1.80546	-0.0449613	0.425938	-7.00024e-06	
-0.13927	-0.646992	-0.162229	1.80489	-0.0444549	0.425554	-7.3703e-06	
-0.137703	-0.647421	-0.160291	1.80432	-0.0439483	0.425169	-7.74536e-06	
-0.136136	-0.647852	-0.15835	1.80375	-0.0434415	0.424783	-8.12544e-06	
-0.134566	-0.648284	-0.156407	1.80317	-0.0429345	0.424396	-8.51055e-06	
-0.132996	-0.648718	-0.15446	1.80259	-0.0424274	0.424009	-8.9007e-06	
-0.131424	-0.649154	-0.15251	1.80201	-0.04192	0.423621	-9.29592e-06	
-0.12985	-0.649591	-0.150558	1.80143	-0.0414126	0.423232	-9.6962e-06	
-0.128276	-0.650031	-0.148602	1.80085	-0.040905	0.422843	-1.01016e-05	
-0.1267	-0.650472	-0.146644	1.80026	-0.0403972	0.422453	-1.0512e-05	
-0.125123	-0.650914	-0.144684	1.79967	-0.0398894	0.422062	-1.09276e-05	
-0.123546	-0.651359	-0.14272	1.79908	-0.0393815	0.421671	-1.13483e-05	
-0.121967	-0.651805	-0.140754	1.79849	-0.0388736	0.421279	-1.17741e-05	
-0.120387	-0.652253	-0.138786	1.79789	-0.0383655	0.420886	-1.2205e-05	
-0.118806	-0.652702	-0.136814	1.7973	-0.0378575	0.420493	-1.26411e-05	
-0.117224	-0.653153	-0.134841	1.7967	-0.0373494	0.420099	-1.30824e-05	
-0.115641	-0.653606	-0.132865	1.7961	-0.0368413	0.419705	-1.35287e-05	
-0.114057	-0.65406	-0.130887	1.79549	-0.0363332	0.41931	-1.39803e-05	
-0.112473	-0.654516	-0.128906	1.79489	-0.0358251	0.418915	-1.4437e-05	
-0.110888	-0.654974	-0.126923	1.79428	-0.035317	0.418519	-1.48988e-05	
-0.109302	-0.655433	-0.124938	1.79367	-0.034809	0.418123	-1.53658e-05	
-0.107716	-0.655894	-0.122951	1.79306	-0.0343011	0.417726	-1.5838e-05	
-0.106128	-0.656357	-0.120962	1.79245	-0.0337932	0.417328	-1.63153e-05	
-0.104541	-0.656821	-0.11897	1.79183	-0.0332855	0.416931	-1.67978e-05	
-0.102953	-0.657286	-0.116977	1.79122	-0.0327778	0.416532	-1.72855e-05	
-0.101364	-0.657753	-0.114982	1.7906	-0.0322703	0.416134	-1.77783e-05	
-0.0997748	-0.658222	-0.112985	1.78998	-0.0317629	0.415735	-1.82762e-05	
-0.0981853	-0.658692	-0.110986	1.78936	-0.0312556	0.415335	-1.87793e-05	
-0.0965955	-0.659163	-0.108985	1.78873	-0.0307485	0.414936	-1.92875e-05	
-0.0950054	-0.659636	-0.106983	1.78811	-0.0302416	0.414536	-1.98009e-05	
-0.0934151	-0.660111	-0.104979	1.78748	-0.0297349	0.414135	-2.03194e-05	
-0.0918245	-0.660587	-0.102973	1.78685	-0.0292284	0.413734	-2.0843e-05	
-0.0902338	-0.661064	-0.100966	1.78622	-0.0287222	0.413333	-2.13716e-05	
-0.088643	-0.661543	-0.098957	1.78559	-0.0282161	0.412932	-2.19054e-05	
-0.0870522	-0.662024	-0.0969469	1.78496	-0.0277104	0.41253	-2.24443e-05	
-0.0854613	-0.662505	-0.0949354	1.78432	-0.0272049	0.412129	-2.29882e-05	
-0.0838705	-0.662988	-0.0929225	1.78369	-0.0266997	0.411727	-2.35371e-05	
-0.0822798	-0.663473	-0.0909084	1.78305	-0.0261948	0.411324	-2.40911e-05	
-0.0806892	-0.663959	-0.0888931	1.78241	-0.0256902	0.410922	-2.46501e-05	
-0.0790988	-0.664446	-0.0868766	1.78177	-0.025186	0.410519	-2.52141e-05	
-0.0775086	-0.664934	-0.084859	1.78113	-0.024682	0.410116	-2.57831e-05	
-0.0759186	-0.665424	-0.0828404	1.78048	-0.0241785	0.409713	-2.6357e-05	
-0.0743291	-0.665915	-0.0808208	1.77984	-0.0236753	0.40931	-2.69359e-05	
-0.0727398	-0.666407	-0.0788003	1.77919	-0.0231726	0.408907	-2.75197e-05	
-0.071151	-0.666901	-0.0767789	1.77854	-0.0226702	0.408504	-2.81084e-05	
-0.0695627	-0.667396	-0.0747568	1.77789	-0.0221682	0.4081	-2.87019e-05	
-0.0679748	-0.667892	-0.0727338	1.77724	-0.0216667	0.407697	-2.93003e-05	
-0.0663876	-0.668389	-0.0707102	1.77659	-0.0211656	0.407294	-2.99035e-05	
-0.0648009	-0.668888	-0.068686	1.77594	-0.020665	0.40689	-3.05115e-05	
-0.0632149	-0.669387	-0.0666612	1.77529	-0.0201649	0.406487	-3.11242e-05	
-0.0616295	-0.669888	-0.0646359	1.77463	-0.0196652	0.406083	-3.17417e-05	
-0.060045	-0.67039	-0.0626101	1.77398	-0.0191661	0.40568	-3.23639e-05	
-0.0584612	-0.670893	-0.0605839	1.77332	-0.0186675	0.405276	-3.29907e-05	
-0.0568782	-0.671397	-0.0585574	1.77266	-0.0181694	0.404873	-3.36222e-05	
-0.0552961	-0.671902	-0.0565306	1.772	-0.0176718	0.40447	-3.42583e-05	
-0.053715	-0.672408	-0.0545036	1.77134	-0.0171749	0.404067	-3.4899e-05	
-0.0521349	-0.672916	-0.0524764	1.77068	-0.0166785	0.403664	-3.55442e-05	
-0.0505557	-0.673424	-0.0504491	1.77002	-0.0161827	0.403261	-3.61939e-05	
-0.0489776	-0.673933	-0.0484218	1.76936	-0.0156874	0.402858	-3.6848e-05	
-0.0474007	-0.674444	-0.0463945	1.7687	-0.0151928	0.402456	-3.75066e-05	
-0.0458249	-0.674955	-0.0443673	1.76803	-0.0146989	0.402053	-3.81696e-05	
-0.0442503	-0.675467	-0.0423402	1.76737	-0.0142056	0.401651	-3.88369e-05	
-0.042677	-0.675981	-0.0403133	1.7667	-0.0137129	0.401249	-3.95086e-05	
-0.0411049	-0.676495	-0.0382866	1.76604	-0.0132209	0.400847	-4.01845e-05	
-0.0395342	-0.67701	-0.0362603	1.76537	-0.0127296	0.400446	-4.08646e-05	
-0.0379649	-0.677526	-0.0342343	1.7647	-0.0122389	0.400045	-4.15489e-05	
-0.036397	-0.678043	-0.0322087	1.76403	-0.011749	0.399644	-4.22373e-05	
-0.0348306	-0.67856	-0.0301837	1.76336	-0.0112598	0.399243	-4.29298e-05	
-0.0332657	-0.679079	-0.0281591	1.7627	-0.0107714	0.398843	-4.36264e-05	
-0.0317023	-0.679598	-0.0261352	1.76203	-0.0102837	0.398443	-4.4327e-05	
-0.0301406	-0.680118	-0.0241119	1.76136	-0.00979672	0.398044	-4.50315e-05	
-0.0285805	-0.680639	-0.0220893	1.76068	-0.00931053	0.397645	-4.574e-05	
-0.0270221	-0.68116	-0.0200675	1.76001	-0.00882513	0.397246	-4.64523e-05	
-0.0254655	-0.681682	-0.0180465	1.75934	-0.00834053	0.396847	-4.71684e-05	
-0.0239106	-0.682205	-0.0160264	1.75867	-0.00785673	0.396449	-4.78882e-05	
-0.0223575	-0.682729	-0.0140072	1.758	-0.00737375	0.396052	-4.86118e-05	
-0.0208063	-0.683253	-0.0119891	1.75732	-0.00689161	0.395655	-4.9339e-05	
-0.019257	-0.683778	-0.00997194	1.75665	-0.0064103	0.395258	-5.00699e-05	
-0.0177096	-0.684304	-0.00795593	1.75598	-0.00592985	0.394862	-5.08042e-05	
-0.0161643	-0.68483	-0.00594108	1.75531	-0.00545027	0.394467	-5.15421e-05	
-0.0146209	-0.685357	-0.00392745	1.75463	-0.00497156	0.394071	-5.22835e-05	
-0.0130796	-0.685884	-0.0019151	1.75396	-0.00449374	0.393677	-5.30282e-05	
-0.0115404	-0.686412	9.5924e-05	1.75328	-0.00401682	0.393283	-5.37762e-05	
-0.0100034	-0.686941	0.00210556	1.75261	-0.00354081	0.392889	-5.45276e-05	
-0.00846856	-0.68747	0.00411377	1.75194	-0.00306572	0.392497	-5.52821e-05	
-0.00693594	-0.687999	0.00612048	1.75126	-0.00259156	0.392104	-5.60398e-05	
-0.00699151	-0.687978	0.00604769	1.75129	-0.00260877	0.39212	-5.60409e-05	
-0.00698943	-0.687978	0.00605041	1.75129	-0.00260812	0.39212	-5.60409e-05	
-0.00698951	-0.687978	0.00605031	1.75129	-0.00260815	0.39212	-5.60409e-05	
-0.0069895	-0.687978	0.00605031	1.75129	-0.00260815	0.39212	-5.60409e-05	
-0.0069895	-0.687978	0.00605031	1.75129	-0.00260815	0.39212	-5.60409e-05	
-0.0069895	-0.687978	0.00605031	1.75129	-0.00260815	0.39212	-5.60409e-05	
-0.0069895	-0.687978	0.00605031	1.75129	-0.00260815	0.39212	-5.60409e-05	
-0.0069895	-0.687978	0.00605031	1.75129	-0.00260815	0.39212	-5.60409e-05	
-0.0069895	-0.687978	0.00605031	1.75129	-0.00260815	0.39212	-5.60409e-05	
-0.0069895	-0.687978	0.00605031	1.75129	-0.00260815	0.39212	-5.60409e-05	
-0.0069895	-0.687978	0.00605031	1.75129	-0.00260815	0.39212	-5.60409e-05	
-0.0069895	-0.687978	0.00605031	1.75129	-0.00260815	0.39212	-5.60409e-05	
-0.0069895	-0.687978	0.00605031	1.75129	-0.00260815	0.39212	-5.60409e-05	
-0.0069895	-0.687978	0.00605031	1.75129	-0.00260815	0.39212	-5.60409e-05	
-0.0069895	-0.687978	0.00605031	1.75129	-0.00260815	0.39212	-5.60409e-05	
-0.0069895	-0.687978	0.00605031	1.75129	-0.00260815	0.39212	-5.60409e-05	
-0.0069895	-0.687978	0.00605031	1.75129	-0.00260815	0.39212	-5.60409e-05	
-0.0069895	-0.687978	0.00605031	1.75129	-0.00260815	0.39212	-5.60409e-05	
-0.0069895	-0.687978	0.00605031	1.75129	-0.00260815	0.39212	-5.60409e-05	
-0.0069895	-0.687978	0.00605031	1.75129	-0.00260815	0.39212	-5.60409e-05	
-0.0069895	-0.687978	0.00605031	1.75129	-0.00260815	0.39212	-5.60409e-05	
-0.0069895	-0.687978	0.00605031	1.75129	-0.00260815	0.39212	-5.60409e-05	
-0.0069895	-0.687978	0.00605031	1.75129	-0.00260815	0.39212	-5.60409e-05	
-0.0069895	-0.687978	0.00605031	1.75129	-0.00260815	0.39212	-5.60409e-05	
-0.0069895	-0.687978	0.00605031	1.75129	-0.00260815	0.39212	-5.60409e-05	
-0.0069895	-0.687978	0.00605031	1.75129	-0.00260815	0.39212	-5.60409e-05	
-0.0069895	-0.687978	0.00605031	1.75129	-0.00260815	0.39212	-5.60409e-05	
-0.0069895	-0.687978	0.00605031	1.75129	-0.00260815	0.39212	-5.60409e-05	
-0.0069895	-0.687978	0.00605031	1.75129	-0.00260815	0.39212	-5.60409e-05	
-0.0069895	-0.687978	0.00605031	1.75129	-0.00260815	0.39212	-5.60409e-05	
-0.0069895	-0.687978	0.00605031	1.75129	-0.00260815	0.39212	-5.60409e-05	
-0.0069895	-0.687978	0.00605031	1.75129	-0.00260815	0.39212	-5.60409e-05	
-0.0069895	-0.687978	0.00605031	1.75129	-0.00260815	0.39212	-5.60409e-05	
-0.0069895	-0.687978	0.00605031	1.75129	-0.00260815	0.39212	-5.60409e-05	
-0.0069895	-0.687978	0.00605031	1.75129	-0.00260815	0.39212	-5.60409e-05	
-0.0069895	-0.687978	0.00605031	1.75129	-0.00260815	0.39212	-5.60409e-05	
-0.0069895	-0.687978	0.00605031	1.75129	-0.00260815	0.39212	-5.60409e-05	
-0.0069895	-0.687978	0.00605031	1.75129	-0.00260815	0.39212	-5.60409e-05	
-0.0069895	-0.687978	0.00605031	1.75129	-0.00260815	0.39212	-5.60409e-05	
-0.0069895	-0.687978	0.00605031	1.75129	-0.00260815	0.39212	-5.60409e-05	
-0.0069895	-0.687978	0.00605031	1.75129	-0.00260815	0.39212	-5.60409e-05	
-0.0069895	-0.687978	0.00605031	1.75129	-0.00260815	0.39212	-5.60409e-05	
-0.0069895	-0.687978	0.00605031	1.75129	-0.00260815	0.39212	-5.60409e-05	
-0.0069895	-0.687978	0.00605031	1.75129	-0.00260815	0.39212	-5.60409e-05	
-0.0069895	-0.687978	0.00605031	1.75129	-0.00260815	0.39212	-5.60409e-05	
-0.0069895	-0.687978	0.00605031	1.75129	-0.00260815	0.39212	-5.60409e-05	
-0.0069895	-0.687978	0.00605031	1.75129	-0.00260815	0.39212	-5.60409e-05	
-0.0069895	-0.687978	0.00605031	1.75129	-0.00260815	0.39212	-5.60409e-05	
-0.0069895	-0.687978	0.00605031	1.75129	-0.00260815	0.39212	-5.60409e-05	
-0.0069895	-0.687978	0.00605031	1.75129	-0.00260815	0.39212	-5.60409e-05	
-0.0069895	-0.687978	0.00605031	1.75129	-0.00260815	0.39212	-5.60409e-05	
-0.0069895	-0.687978	0.00605031	1.75129	-0.00260815	0.39212	-5.60409e-05	
-0.0069895	-0.687978	0.00605031	1.75129	-0.00260815	0.39212	-5.60409e-05	
-0.0069895	-0.687978	0.00605031	1.75129	-0.00260815	0.39212	-5.60409e-05	
-0.0069895	-0.687978	0.00605031	1.75129	-0.00260815	0.39212	-5.60409e-05	
-0.0069895	-0.687978	0.00605031	1.75129	-0.00260815	0.39212	-5.60409e-05	
-0.0069895	-0.687978	0.00605031	1.75129	-0.00260815	0.39212	-5.60409e-05	
-0.0069895	-0.687978	0.00605031	1.75129	-0.00260815	0.39212	-5.60409e-05	
-0.0069895	-0.687978	0.00605031	1.75129	-0.00260815	0.39212	-5.60409e-05	
-0.0069895	-0.687978	0.00605031	1.75129	-0.00260815	0.39212	-5.60409e-05	
-0.0069895	-0.687978	0.00605031	1.75129	-0.00260815	0.39212	-5.60409e-05	
-0.0069895	-0.687978	0.00605031	1.75129	-0.00260815	0.39212	-5.60409e-05	
-0.0069895	-0.687978	0.00605031	1.75129	-0.00260815	0.39212	-5.60409e-05	
-0.0069895	-0.687978	0.00605031	1.75129	-0.00260815	0.39212	-5.60409e-05	
-0.0069895	-0.687978	0.00605031	1.75129	-0.00260815	0.39212	-5.60409e-05	
-0.0069895	-0.687978	0.00605031	1.75129	-0.00260815	0.39212	-5.60409e-05	
-0.0069895	-0.687978	0.00605031	1.75129	-0.00260815	0.39212	-5.60409e-05	
-0.0069895	-0.687978	0.00605031	1.75129	-0.00260815	0.39212	-5.60409e-05	
-0.0069895	-0.687978	0.00605031	1.75129	-0.00260815	0.39212	-5.60409e-05	
-0.0069895	-0.687978	0.00605031	1.75129	-0.00260815	0.39212	-5.60409e-05	
-0.0069895	-0.687978	0.00605031	1.75129	-0.00260815	0.39212	-5.60409e-05	
-0.0069895	-0.687978	0.00605031	1.75129	-0.00260815	0.39212	-5.60409e-05	
-0.0069895	-0.687978	0.00605031	1.75129	-0.00260815	0.39212	-5.60409e-05	
-0.0069895	-0.687978	0.00605031	1.75129	-0.00260815	0.39212	-5.60409e-05	
-0.0069895	-0.687978	0.00605031	1.75129	-0.00260815	0.39212	-5.60409e-05	
-0.0069895	-0.687978	0.00605031	1.75129	-0.00260815	0.39212	-5.60409e-05	
-0.0069895	-0.687978	0.00605031	1.75129	-0.00260815	0.39212	-5.60409e-05	
-0.0069895	-0.687978	0.00605031	1.75129	-0.00260815	0.39212	-5.60409e-05	
-0.0069895	-0.687978	0.00605031	1.75129	-0.00260815	0.39212	-5.60409e-05	
-0.0069895	-0.687978	0.00605031	1.75129	-0.00260815	0.39212	-5.60409e-05	
-0.0069895	-0.687978	0.00605031	1.75129	-0.00260815	0.39212	-5.60409e-05	
-0.0069895	-0.687978	0.00605031	1.75129	-0.00260815	0.39212	-5.60409e-05	
-0.0069895	-0.687978	0.00605031	1.75129	-0.00260815	0.39212	-5.60409e-05	
-0.0069895	-0.687978	0.00605031	1.75129	-0.00260815	0.39212	-5.60409e-05	
-0.0069895	-0.687978	0.00605031	1.75129	-0.00260815	0.39212	-5.60409e-05	
-0.0069895	-0.687978	0.00605031	1.75129	-0.00260815	0.39212	-5.60409e-05	
-0.0069895	-0.687978	0.00605031	1.75129	-0.00260815	0.39212	-5.60409e-05	
-0.0069895	-0.687978	0.00605031	1.75129	-0.00260815	0.39212	-5.60409e-05	
-0.0069895	-0.687978	0.00605031	1.75129	-0.00260815	0.39212	-5.60409e-05	
-0.0069895	-0.687978	0.00605031	1.75129	-0.00260815	0.39212	-5.60409e-05	
-0.0069895	-0.687978	0.00605031	1.75129	-0.00260815	0.39212	-5.60409e-05	
-0.0069895	-0.687978	0.00605031	1.75129	-0.00260815	0.39212	-5.60409e-05	
-0.0069895	-0.687978	0.00605031	1.75129	-0.00260815	0.39212	-5.60409e-05	
-0.0069895	-0.687978	0.00605031	1.75129	-0.00260815	0.39212	-5.60409e-05	
-0.0069895	-0.687978	0.00605031	1.75129	-0.00260815	0.39212	-5.60409e-05	
-0.0069895	-0.687978	0.00605031	1.75129	-0.00260815	0.39212	-5.60409e-05	
-0.0069895	-0.687978	0.00605031	1.75129	-0.00260815	0.39212	-5.60409e-05	
-0.0069895	-0.687978	0.00605031	1.75129	-0.00260815	0.39212	-5.60409e-05	
-0.0069895	-0.687978	0.00605031	1.75129	-0.00260815	0.39212	-5.60409e-05	
-0.0069895	-0.687978	0.00605031	1.75129	-0.00260815	0.39212	-5.60409e-05	
-0.00857868	-0.687982	0.00396619	1.75129	-0.00310128	0.392127	-5.60457e-05	
-0.0101084	-0.687985	0.00196006	1.7513	-0.00357597	0.392135	-5.6047e-05	
-0.0116403	-0.687989	-4.88675e-05	1.7513	-0.00405132	0.392142	-5.60444e-05	
-0.0131719	-0.687994	-0.00205754	1.7513	-0.00452662	0.39215	-5.60379e-05	
-0.0147034	-0.688	-0.004066	1.7513	-0.00500187	0.392158	-5.60276e-05	
-0.0162348	-0.688007	-0.00607421	1.7513	-0.00547707	0.392166	-5.60135e-05	
-0.0177659	-0.688014	-0.00808212	1.7513	-0.00595221	0.392174	-5.59955e-05	
-0.0192967	-0.688022	-0.0100897	1.7513	-0.00642727	0.392183	-5.59737e-05	
-0.0208272	-0.688032	-0.0120968	1.7513	-0.00690223	0.392191	-5.59481e-05	
-0.0223574	-0.688041	-0.0141035	1.7513	-0.0073771	0.3922	-5.59187e-05	
-0.0238872	-0.688052	-0.0161096	1.7513	-0.00785185	0.392209	-5.58855e-05	
-0.0254166	-0.688064	-0.0181152	1.75129	-0.00832647	0.392217	-5.58484e-05	
-0.0269455	-0.688076	-0.0201202	1.75129	-0.00880096	0.392226	-5.58076e-05	
-0.028474	-0.688089	-0.0221246	1.75128	-0.00927529	0.392236	-5.5763e-05	
-0.0300019	-0.688103	-0.0241282	1.75128	-0.00974947	0.392245	-5.57146e-05	
-0.0315292	-0.688118	-0.026131	1.75127	-0.0102235	0.392254	-5.56624e-05	
-0.0330559	-0.688133	-0.0281331	1.75126	-0.0106973	0.392264	-5.56065e-05	
-0.034582	-0.68815	-0.0301343	1.75125	-0.0111709	0.392274	-5.55469e-05	
-0.0361074	-0.688167	-0.0321345	1.75124	-0.0116443	0.392283	-5.54835e-05	
-0.037632	-0.688185	-0.0341339	1.75123	-0.0121175	0.392293	-5.54164e-05	
-0.0391559	-0.688204	-0.0361322	1.75122	-0.0125905	0.392303	-5.53455e-05	
-0.040679	-0.688223	-0.0381294	1.75121	-0.0130632	0.392313	-5.5271e-05	
-0.0422012	-0.688244	-0.0401255	1.7512	-0.0135357	0.392324	-5.51928e-05	
-0.0437226	-0.688265	-0.0421205	1.75119	-0.0140078	0.392334	-5.51109e-05	
-0.0452431	-0.688287	-0.0441143	1.75117	-0.0144798	0.392345	-5.50254e-05	
-0.0467626	-0.688309	-0.0461068	1.75116	-0.0149514	0.392355	-5.49363e-05	
-0.0482811	-0.688333	-0.048098	1.75114	-0.0154227	0.392366	-5.48435e-05	
-0.0497987	-0.688357	-0.0500878	1.75113	-0.0158937	0.392377	-5.47471e-05	
-0.0513151	-0.688382	-0.0520763	1.75111	-0.0163644	0.392388	-5.46472e-05	
-0.0528305	-0.688408	-0.0540633	1.75109	-0.0168348	0.3924	-5.45437e-05	
-0.0543447	-0.688435	-0.0560488	1.75107	-0.0173048	0.392411	-5.44366e-05	
-0.0558578	-0.688462	-0.0580328	1.75106	-0.0177744	0.392422	-5.4326e-05	
-0.0573696	-0.68849	-0.0600151	1.75104	-0.0182437	0.392434	-5.4212e-05	
-0.0588802	-0.688519	-0.0619959	1.75101	-0.0187126	0.392445	-5.40944e-05	
-0.0603896	-0.688549	-0.0639749	1.75099	-0.0191812	0.392457	-5.39734e-05	
-0.0618976	-0.688579	-0.0659522	1.75097	-0.0196493	0.392469	-5.38489e-05	
-0.0634043	-0.68861	-0.0679278	1.75095	-0.020117	0.392481	-5.3721e-05	
-0.0649096	-0.688642	-0.0699015	1.75093	-0.0205843	0.392493	-5.35897e-05	
-0.0664135	-0.688675	-0.0718734	1.7509	-0.0210511	0.392506	-5.34551e-05	
-0.0679159	-0.688709	-0.0738433	1.75088	-0.0215175	0.392518	-5.33171e-05	
-0.0694169	-0.688743	-0.0758113	1.75085	-0.0219835	0.39253	-5.31758e-05	
-0.0709163	-0.688778	-0.0777773	1.75082	-0.0224489	0.392543	-5.30312e-05	
-0.0724142	-0.688813	-0.0797412	1.7508	-0.022914	0.392556	-5.28833e-05	
-0.0739105	-0.68885	-0.0817031	1.75077	-0.0233785	0.392569	-5.27321e-05	
-0.0754052	-0.688887	-0.0836628	1.75074	-0.0238425	0.392582	-5.25778e-05	
-0.0768983	-0.688925	-0.0856203	1.75071	-0.024306	0.392595	-5.24202e-05	
-0.0783896	-0.688964	-0.0875756	1.75068	-0.024769	0.392608	-5.22595e-05	
-0.0798792	-0.689003	-0.0895287	1.75065	-0.0252315	0.392621	-5.20957e-05	
-0.0813671	-0.689043	-0.0914794	1.75062	-0.0256934	0.392634	-5.19287e-05	
-0.0828532	-0.689084	-0.0934278	1.75059	-0.0261548	0.392648	-5.17587e-05	
-0.0843375	-0.689126	-0.0953738	1.75055	-0.0266157	0.392661	-5.15856e-05	
-0.08582	-0.689168	-0.0973174	1.75052	-0.0270759	0.392675	-5.14095e-05	
-0.0873006	-0.689211	-0.0992585	1.75049	-0.0275356	0.392689	-5.12304e-05	
-0.0887792	-0.689254	-0.101197	1.75045	-0.0279947	0.392703	-5.10483e-05	
-0.0902559	-0.689299	-0.103133	1.75041	-0.0284533	0.392717	-5.08633e-05	
-0.0917307	-0.689344	-0.105067	1.75038	-0.0289112	0.392731	-5.06754e-05	
-0.0932035	-0.68939	-0.106997	1.75034	-0.0293685	0.392745	-5.04846e-05	
-0.0946742	-0.689436	-0.108925	1.7503	-0.0298251	0.392759	-5.02909e-05	
-0.0961429	-0.689483	-0.110851	1.75027	-0.0302812	0.392774	-5.00945e-05	
-0.0976095	-0.689531	-0.112773	1.75023	-0.0307366	0.392788	-4.98953e-05	
-0.0990739	-0.68958	-0.114693	1.75019	-0.0311913	0.392803	-4.96933e-05	
-0.100536	-0.689629	-0.11661	1.75015	-0.0316454	0.392817	-4.94886e-05	
-0.101996	-0.689679	-0.118525	1.75011	-0.0320988	0.392832	-4.92813e-05	
-0.103454	-0.689729	-0.120436	1.75006	-0.0325515	0.392847	-4.90713e-05	
-0.10491	-0.68978	-0.122344	1.75002	-0.0330036	0.392862	-4.88587e-05	
-0.106364	-0.689832	-0.124249	1.74998	-0.033455	0.392877	-4.86435e-05	
-0.107815	-0.689885	-0.126152	1.74994	-0.0339056	0.392892	-4.84257e-05	
-0.109264	-0.689938	-0.128051	1.74989	-0.0343556	0.392907	-4.82054e-05	
-0.11071	-0.689991	-0.129947	1.74985	-0.0348048	0.392922	-4.79827e-05	
-0.112154	-0.690046	-0.13184	1.7498	-0.0352533	0.392938	-4.77575e-05	
-0.113596	-0.690101	-0.13373	1.74975	-0.035701	0.392953	-4.75299e-05	
-0.115035	-0.690157	-0.135617	1.74971	-0.0361481	0.392969	-4.72999e-05	
-0.116472	-0.690213	-0.137501	1.74966	-0.0365943	0.392984	-4.70676e-05	
-0.117907	-0.69027	-0.139381	1.74961	-0.0370398	0.393	-4.68329e-05	
-0.119339	-0.690327	-0.141258	1.74956	-0.0374846	0.393016	-4.6596e-05	
-0.120768	-0.690386	-0.143132	1.74951	-0.0379285	0.393031	-4.63569e-05	
-0.122195	-0.690444	-0.145002	1.74946	-0.0383717	0.393047	-4.61155e-05	
-0.123619	-0.690504	-0.146869	1.74941	-0.0388141	0.393063	-4.5872e-05	
-0.125041	-0.690564	-0.148733	1.74936	-0.0392557	0.393079	-4.56263e-05	
-0.12646	-0.690624	-0.150593	1.74931	-0.0396965	0.393096	-4.53785e-05	
-0.127877	-0.690685	-0.152449	1.74926	-0.0401365	0.393112	-4.51287e-05	
-0.12929	-0.690747	-0.154302	1.74921	-0.0405756	0.393128	-4.48768e-05	
-0.130702	-0.690809	-0.156152	1.74915	-0.041014	0.393144	-4.4623e-05	
-0.13211	-0.690872	-0.157998	1.7491	-0.0414515	0.393161	-4.43672e-05	
-0.133516	-0.690936	-0.159841	1.74904	-0.0418881	0.393177	-4.41094e-05	
-0.134919	-0.691	-0.161679	1.74899	-0.042324	0.393194	-4.38498e-05	
-0.136319	-0.691064	-0.163515	1.74893	-0.0427589	0.39321	-4.35883e-05	
-0.137716	-0.691129	-0.165346	1.74888	-0.043193	0.393227	-4.3325e-05	
-0.139111	-0.691195	-0.167174	1.74882	-0.0436263	0.393244	-4.306e-05	
-0.140503	-0.691261	-0.168998	1.74876	-0.0440586	0.393261	-4.27931e-05	
-0.141892	-0.691328	-0.170819	1.7487	-0.0444901	0.393278	-4.25246e-05	
-0.143278	-0.691395	-0.172635	1.74865	-0.0449207	0.393294	-4.22544e-05	
-0.144661	-0.691463	-0.174448	1.74859	-0.0453505	0.393311	-4.19825e-05	
-0.146041	-0.691532	-0.176257	1.74853	-0.0457793	0.393328	-4.17091e-05	
-0.147419	-0.691601	-0.178062	1.74847	-0.0462072	0.393346	-4.1434e-05	
-0.148793	-0.69167	-0.179863	1.74841	-0.0466342	0.393363	-4.11575e-05	
-0.150165	-0.69174	-0.181661	1.74835	-0.0470603	0.39338	-4.08794e-05	
-0.151533	-0.69181	-0.183454	1.74828	-0.0474855	0.393397	-4.05999e-05	
-0.152899	-0.691881	-0.185244	1.74822	-0.0479098	0.393414	-4.03189e-05	
-0.154261	-0.691953	-0.187029	1.74816	-0.0483332	0.393432	-4.00365e-05	
-0.154122	-0.691945	-0.186847	1.74817	-0.0482899	0.393431	-4.00335e-05	
