0.0002425
-0.000380918	-0.649602	-0.000761836	1.80061	-0.000564258	0.420508	-2.14719e-05	
-0.000761836	-0.649204	-0.00152367	1.80121	-0.00149746	0.421016	-5.60877e-05	
-0.00114275	-0.648806	-0.00228551	1.80182	-0.00264022	0.421524	-0.000102374	
-0.00152367	-0.648409	-0.00304734	1.80242	-0.00378297	0.422032	-0.000159146	
-0.00190459	-0.648011	-0.00380918	1.80303	-0.00492573	0.422539	-0.000225539	
-0.00228551	-0.647613	-0.00457102	1.80363	-0.00606848	0.423047	-0.000300675	
-0.00266643	-0.647215	-0.00533285	1.80424	-0.00721123	0.423555	-0.000383655	
-0.00304734	-0.646817	-0.00609469	1.80484	-0.00835399	0.424063	-0.000473564	
-0.00342826	-0.646419	-0.00685653	1.80545	-0.00949674	0.424571	-0.00056947	
-0.00380918	-0.646022	-0.00761836	1.80605	-0.0106395	0.425079	-0.000670425	
-0.0041901	-0.645624	-0.0083802	1.80666	-0.0117823	0.425587	-0.000775465	
-0.00457102	-0.645226	-0.00914203	1.80726	-0.012925	0.426095	-0.000883612	
-0.00495194	-0.644828	-0.00990387	1.80787	-0.0140678	0.426603	-0.000993873	
-0.00533285	-0.64443	-0.0106657	1.80847	-0.0152105	0.42711	-0.00110524	
-0.00571377	-0.644032	-0.0114275	1.80908	-0.0163533	0.427618	-0.0012167	
-0.00609469	-0.643634	-0.0121894	1.80968	-0.017496	0.428126	-0.00132721	
-0.00647561	-0.643237	-0.0129512	1.81029	-0.0186388	0.428634	-0.00143574	
-0.00685653	-0.642839	-0.0137131	1.81089	-0.0197815	0.429142	-0.00154122	
-0.00723744	-0.642441	-0.0144749	1.8115	-0.0209243	0.42965	-0.00164259	
-0.00761836	-0.642043	-0.0152367	1.8121	-0.022067	0.430158	-0.00173878	
-0.00799928	-0.641645	-0.0159986	1.81271	-0.0232098	0.430666	-0.0018287	
-0.0083802	-0.641247	-0.0167604	1.81332	-0.0243525	0.431174	-0.00191126	
-0.00876112	-0.64085	-0.0175222	1.81392	-0.0254953	0.431681	-0.00198535	
-0.00914203	-0.640452	-0.0182841	1.81453	-0.0266381	0.432189	-0.00204988	
-0.00952295	-0.640054	-0.0190459	1.81513	-0.0277808	0.432697	-0.00210372	
-0.00990387	-0.639656	-0.0198077	1.81574	-0.0289236	0.433205	-0.00214576	
-0.0102848	-0.639258	-0.0205696	1.81634	-0.0300663	0.433713	-0.00217487	
-0.0106657	-0.63886	-0.0213314	1.81695	-0.0312091	0.434221	-0.00218992	
-0.0110466	-0.638462	-0.0220933	1.81755	-0.0323518	0.434729	-0.00218978	
-0.0114275	-0.638408	-0.0228551	1.81816	-0.0334946	0.435237	-0.00217331	
-0.0118085	-0.638806	-0.0236169	1.81876	-0.0346373	0.435745	-0.00214184	
-0.0121894	-0.639204	-0.0243788	1.81937	-0.0357801	0.436253	-0.00209766	
-0.0125703	-0.639602	-0.0251406	1.81997	-0.0369228	0.43676	-0.00203992	
-0.0129512	-0.639999	-0.0259024	1.82058	-0.0380656	0.437268	-0.00196775	
-0.0133321	-0.640397	-0.0266643	1.82118	-0.0392084	0.437776	-0.00188028	
-0.0137131	-0.640795	-0.0274261	1.82179	-0.0403511	0.438284	-0.00177662	
-0.014094	-0.641193	-0.0281879	1.82208	-0.0414939	0.438792	-0.0016559	
-0.0144749	-0.641591	-0.0289498	1.82217	-0.0426366	0.4393	-0.00152081	
-0.0148558	-0.641989	-0.0297116	1.82215	-0.0437794	0.439808	-0.00137306	
-0.0152367	-0.642387	-0.0304734	1.82209	-0.0449221	0.440316	-0.00121322	
-0.0156176	-0.642784	-0.0312353	1.82201	-0.0460649	0.440824	-0.0010413	
-0.0159986	-0.643182	-0.0319971	1.82191	-0.0472076	0.441331	-0.000857046	
-0.0163795	-0.64358	-0.032759	1.8218	-0.0483504	0.441839	-0.00066007	
-0.0167604	-0.643978	-0.0335208	1.82168	-0.0494931	0.442347	-0.000449908	
-0.0171413	-0.644376	-0.0342826	1.82157	-0.0506359	0.442855	-0.000226063	
-0.0175222	-0.644774	-0.0350445	1.82145	-0.0517787	0.443363	1.19829e-05	
-0.0179032	-0.645172	-0.0358063	1.82132	-0.0529214	0.443871	0.000264761	
-0.0182841	-0.645569	-0.0365681	1.82119	-0.0540642	0.444379	0.000532811	
-0.018665	-0.645967	-0.03733	1.82106	-0.0552069	0.444887	0.000816678	
-0.0190459	-0.646365	-0.0380918	1.82092	-0.0563497	0.445395	0.00111691	
-0.0194268	-0.646763	-0.0388536	1.82078	-0.0574924	0.445902	0.00143407	
-0.0198077	-0.647161	-0.0396155	1.82064	-0.0586352	0.44641	0.00176872	
-0.0201887	-0.647559	-0.0403773	1.8205	-0.0597779	0.446918	0.00212141	
-0.0205696	-0.647956	-0.0411392	1.82035	-0.0609207	0.447426	0.00249271	
-0.0209505	-0.648354	-0.041901	1.82019	-0.0620634	0.447934	0.0028832	
-0.0213314	-0.648752	-0.0426628	1.82004	-0.0632062	0.448442	0.00329344	
-0.0217123	-0.64915	-0.0434247	1.81988	-0.064349	0.44895	0.00372401	
-0.0220933	-0.649548	-0.0441865	1.81972	-0.0654917	0.449458	0.00417548	
-0.0224742	-0.649946	-0.0449483	1.81955	-0.0666345	0.449966	0.00464843	
-0.0228551	-0.650344	-0.0457102	1.81938	-0.0677772	0.450473	0.00514344	
-0.023236	-0.650741	-0.046472	1.81921	-0.06892	0.450981	0.00566109	
-0.0236169	-0.651139	-0.0472338	1.81903	-0.0700627	0.451489	0.00620196	
-0.0239978	-0.651537	-0.0479957	1.81885	-0.0712055	0.451997	0.00676663	
-0.0243788	-0.651935	-0.0487575	1.81866	-0.0723482	0.452505	0.00735567	
-0.0247597	-0.652333	-0.0495194	1.81847	-0.073491	0.453013	0.00796968	
-0.0251406	-0.652731	-0.0502812	1.81828	-0.0746337	0.453521	0.00860922	
-0.0255215	-0.653128	-0.051043	1.81809	-0.0757765	0.454029	0.00927488	
-0.0259024	-0.653526	-0.0518049	1.81789	-0.0769192	0.454537	0.00996723	
-0.0262833	-0.653924	-0.0525667	1.81769	-0.078062	0.455044	0.0106868	
-0.0266643	-0.654322	-0.0533285	1.81748	-0.0792048	0.455552	0.0114343	
-0.0270452	-0.65472	-0.0540904	1.81727	-0.0803475	0.45606	0.0122102	
-0.0274261	-0.655118	-0.0548522	1.81705	-0.0814903	0.456568	0.013015	
-0.027807	-0.655516	-0.055614	1.81684	-0.082633	0.457076	0.0138494	
-0.0281879	-0.655913	-0.0563759	1.81662	-0.0837758	0.457584	0.014714	
-0.0285689	-0.656311	-0.0571377	1.81639	-0.0849185	0.458092	0.0156091	
-0.0289498	-0.656709	-0.0578996	1.81616	-0.0860613	0.4586	0.0165356	
-0.0293307	-0.657107	-0.0586614	1.81593	-0.087204	0.459108	0.0174938	
-0.0297116	-0.657505	-0.0594232	1.81569	-0.0883468	0.459615	0.0184843	
-0.0300925	-0.657903	-0.0601851	1.81545	-0.0894895	0.460123	0.0195077	
-0.0304734	-0.6583	-0.0609469	1.81521	-0.0906323	0.460631	0.0205646	
-0.0308544	-0.658698	-0.0617087	1.81496	-0.0917751	0.461139	0.0216554	
-0.0312353	-0.659096	-0.0624706	1.81471	-0.0929178	0.461647	0.0227807	
-0.0316162	-0.659494	-0.0632324	1.81445	-0.0940606	0.462155	0.023941	
-0.0319971	-0.659892	-0.0639942	1.81419	-0.0952033	0.462663	0.0251369	
-0.032378	-0.66029	-0.0647561	1.81393	-0.0963461	0.463171	0.0263688	
-0.032759	-0.660688	-0.0655179	1.81366	-0.0974888	0.463679	0.0276373	
-0.0331399	-0.661085	-0.0662798	1.81339	-0.0986316	0.464187	0.0289429	
-0.0335208	-0.661483	-0.0670416	1.81312	-0.0997743	0.464694	0.030286	
-0.0339017	-0.661881	-0.0678034	1.81284	-0.100917	0.465202	0.0316672	
-0.0342826	-0.662279	-0.0685653	1.81256	-0.10206	0.46571	0.033087	
-0.0346635	-0.662677	-0.0693271	1.81227	-0.103203	0.466218	0.0345458	
-0.0350445	-0.663075	-0.0700889	1.81198	-0.104345	0.466726	0.0360441	
-0.0354254	-0.663473	-0.0708508	1.81169	-0.105488	0.467234	0.0375678	
-0.0358063	-0.66387	-0.0716126	1.81139	-0.106631	0.467742	0.0390915	
-0.0361872	-0.664268	-0.0723744	1.81109	-0.107774	0.46825	0.0406152	
-0.0365681	-0.664666	-0.0731363	1.81078	-0.108916	0.468758	0.0421388	
-0.0369491	-0.665064	-0.0738981	1.81048	-0.110059	0.469265	0.0436625	
-0.03733	-0.665462	-0.0746599	1.81016	-0.111202	0.469773	0.0451862	
-0.0377109	-0.66586	-0.0754218	1.80985	-0.112345	0.470281	0.0467098	
-0.0380918	-0.666257	-0.0761836	1.80953	-0.113487	0.470789	0.0482335	
-0.0384727	-0.666655	-0.0769455	1.80933	-0.11463	0.471297	0.0497572	
-0.0388536	-0.667053	-0.0777073	1.8092	-0.115773	0.471805	0.0512809	
-0.0392346	-0.667451	-0.0784691	1.8091	-0.116916	0.472313	0.0528045	
-0.0396155	-0.667849	-0.079231	1.80901	-0.118058	0.472821	0.0543282	
-0.0399964	-0.668247	-0.0799928	1.80892	-0.119201	0.473329	0.0558519	
-0.0403773	-0.668645	-0.0807546	1.80885	-0.120344	0.473836	0.0573756	
-0.0407582	-0.669042	-0.0815165	1.80877	-0.121487	0.474344	0.0588992	
-0.0411392	-0.66944	-0.0822783	1.8087	-0.122629	0.474852	0.0604229	
-0.0415201	-0.669838	-0.0830401	1.80863	-0.123772	0.47536	0.0619466	
-0.041901	-0.670236	-0.083802	1.80855	-0.124915	0.475868	0.0634682	
-0.0422819	-0.670634	-0.0845638	1.80848	-0.126058	0.476376	0.0649612	
-0.0426628	-0.671032	-0.0853257	1.80842	-0.1272	0.476884	0.0664256	
-0.0430437	-0.671429	-0.0860875	1.80835	-0.128343	0.477392	0.0678618	
-0.0434247	-0.671827	-0.0868493	1.80828	-0.129486	0.4779	0.0692699	
-0.0438056	-0.672225	-0.0876112	1.80821	-0.130629	0.478407	0.0706503	
-0.0441865	-0.672623	-0.088373	1.80815	-0.131771	0.478915	0.0720031	
-0.0445674	-0.673021	-0.0891348	1.80809	-0.132914	0.479423	0.0733287	
-0.0449483	-0.673419	-0.0898967	1.80802	-0.134057	0.479931	0.0746272	
-0.0453293	-0.673817	-0.0906585	1.80796	-0.1352	0.480439	0.0758989	
-0.0457102	-0.674214	-0.0914203	1.8079	-0.136342	0.480947	0.0771441	
-0.0460911	-0.674612	-0.0921822	1.80784	-0.137485	0.481455	0.0783631	
-0.046472	-0.67501	-0.092944	1.80778	-0.138628	0.481963	0.079556	
-0.0468529	-0.675408	-0.0937059	1.80773	-0.139771	0.482471	0.0807232	
-0.0472338	-0.675806	-0.0944677	1.80767	-0.140913	0.482978	0.081865	
-0.0476148	-0.676204	-0.0952295	1.80762	-0.142056	0.483486	0.0829815	
-0.0479957	-0.676601	-0.0959914	1.80756	-0.143199	0.483994	0.0840731	
-0.0483766	-0.676999	-0.0967532	1.80751	-0.144342	0.484502	0.08514	
-0.0487575	-0.677397	-0.097515	1.80746	-0.145485	0.48501	0.0861825	
-0.0491384	-0.677795	-0.0982769	1.80741	-0.146627	0.485518	0.0872009	
-0.0495194	-0.678193	-0.0990387	1.80736	-0.14777	0.486026	0.0881955	
-0.0499003	-0.678591	-0.0998005	1.80731	-0.148913	0.486534	0.0891665	
-0.0502812	-0.678989	-0.100562	1.80726	-0.150056	0.487042	0.0901143	
-0.0506621	-0.679386	-0.101324	1.80721	-0.151198	0.487549	0.091039	
-0.051043	-0.679784	-0.102086	1.80717	-0.152341	0.488057	0.091941	
-0.0514239	-0.680182	-0.102848	1.80712	-0.153484	0.488565	0.0928206	
-0.0518049	-0.68058	-0.10361	1.80708	-0.154627	0.489073	0.0936781	
-0.0521858	-0.680978	-0.104372	1.80704	-0.155769	0.489581	0.0945137	
-0.0525667	-0.681376	-0.105133	1.807	-0.156912	0.490089	0.0953278	
-0.0529476	-0.681774	-0.105895	1.80696	-0.158055	0.490597	0.0961206	
-0.0533285	-0.682171	-0.106657	1.80692	-0.159198	0.491105	0.0968924	
-0.0537095	-0.682569	-0.107419	1.80688	-0.16034	0.491613	0.0976436	
-0.0540904	-0.682967	-0.108181	1.80685	-0.161483	0.49212	0.0983743	
-0.0544713	-0.683365	-0.108943	1.80681	-0.162626	0.492628	0.099085	
-0.0548522	-0.683763	-0.109704	1.80678	-0.163769	0.493136	0.0997759	
-0.0552331	-0.684161	-0.110466	1.80674	-0.164911	0.493644	0.100447	
-0.055614	-0.684558	-0.111228	1.80671	-0.166054	0.494152	0.1011	
-0.055995	-0.684956	-0.11199	1.80668	-0.167197	0.49466	0.101733	
-0.0563759	-0.685354	-0.112752	1.80665	-0.16834	0.495168	0.102348	
-0.0567568	-0.685752	-0.113514	1.80662	-0.169482	0.495676	0.102944	
-0.0571377	-0.68615	-0.114275	1.80659	-0.170625	0.496184	0.103523	
-0.0575186	-0.686548	-0.115037	1.80657	-0.171768	0.496692	0.104083	
-0.0578996	-0.686946	-0.115799	1.80654	-0.172911	0.497199	0.104627	
-0.0582805	-0.687343	-0.116561	1.80652	-0.174053	0.497707	0.105153	
-0.0586614	-0.687741	-0.117323	1.80649	-0.175196	0.498215	0.105663	
-0.0590423	-0.688139	-0.118085	1.80647	-0.176339	0.498723	0.106156	
-0.0594232	-0.688537	-0.118846	1.80645	-0.177482	0.499231	0.106633	
-0.0598041	-0.688935	-0.119608	1.80643	-0.178624	0.499739	0.107094	
-0.0601851	-0.689333	-0.12037	1.80641	-0.179767	0.500247	0.107539	
-0.060566	-0.68973	-0.121132	1.8064	-0.18091	0.500755	0.107969	
-0.0609469	-0.690128	-0.121894	1.80638	-0.182053	0.501263	0.108385	
-0.0613278	-0.690526	-0.122656	1.80637	-0.183195	0.50177	0.108785	
-0.0617087	-0.690924	-0.123417	1.80635	-0.184338	0.502278	0.109172	
-0.0620897	-0.691322	-0.124179	1.80634	-0.185481	0.502786	0.109544	
-0.0624706	-0.69172	-0.124941	1.80633	-0.186624	0.503294	0.109902	
-0.0628515	-0.692118	-0.125703	1.80632	-0.187766	0.503802	0.110247	
-0.0632324	-0.692515	-0.126465	1.80631	-0.188909	0.50431	0.110579	
-0.0636133	-0.692913	-0.127227	1.8063	-0.190052	0.504818	0.110898	
-0.0639942	-0.693311	-0.127988	1.80629	-0.191195	0.505326	0.111205	
-0.0643752	-0.693709	-0.12875	1.80629	-0.192337	0.505834	0.111499	
-0.0647561	-0.694107	-0.129512	1.80628	-0.19348	0.506341	0.111781	
-0.065137	-0.694505	-0.130274	1.80628	-0.194623	0.506849	0.112052	
-0.0655179	-0.694902	-0.131036	1.80628	-0.195766	0.507357	0.112311	
-0.0658988	-0.6953	-0.131798	1.80628	-0.196908	0.507865	0.112559	
-0.0662798	-0.695698	-0.13256	1.80628	-0.198051	0.508373	0.112797	
-0.0666607	-0.696096	-0.133321	1.80628	-0.199194	0.508881	0.113024	
-0.0670416	-0.696494	-0.134083	1.80628	-0.200337	0.509389	0.11324	
-0.0674225	-0.696892	-0.134845	1.80629	-0.201479	0.509897	0.113447	
-0.0678034	-0.69729	-0.135607	1.80629	-0.202622	0.510405	0.113644	
-0.0681843	-0.697687	-0.136369	1.8063	-0.203765	0.510912	0.113831	
-0.0685653	-0.698085	-0.137131	1.80631	-0.204908	0.51142	0.11401	
-0.0689462	-0.698483	-0.137892	1.80631	-0.20605	0.511928	0.11418	
-0.0693271	-0.698881	-0.138654	1.80632	-0.207193	0.512436	0.114341	
-0.069708	-0.699279	-0.139416	1.80634	-0.208336	0.512944	0.114494	
-0.0700889	-0.699677	-0.140178	1.80635	-0.209479	0.513452	0.114638	
-0.0704699	-0.700075	-0.14094	1.80636	-0.210622	0.51396	0.114775	
-0.0708508	-0.700472	-0.141702	1.80638	-0.211764	0.514468	0.114905	
-0.0712317	-0.70087	-0.142463	1.80639	-0.212907	0.514976	0.115027	
-0.0716126	-0.701268	-0.143225	1.80641	-0.21405	0.515483	0.115143	
-0.0719935	-0.701666	-0.143987	1.80643	-0.215193	0.515991	0.115251	
-0.0723744	-0.702064	-0.144749	1.80645	-0.216335	0.516499	0.115354	
-0.0727554	-0.702462	-0.145511	1.80647	-0.217478	0.517007	0.115449	
-0.0731363	-0.702859	-0.146273	1.80649	-0.218621	0.517515	0.115539	
-0.0735172	-0.703257	-0.147034	1.80651	-0.219764	0.518023	0.115624	
-0.0738981	-0.703655	-0.147796	1.80654	-0.220906	0.518531	0.115702	
-0.074279	-0.704053	-0.148558	1.80656	-0.222049	0.519039	0.115776	
-0.0746599	-0.704451	-0.14932	1.80659	-0.223192	0.519547	0.115844	
-0.0750409	-0.704849	-0.150082	1.80662	-0.224335	0.520054	0.115908	
-0.0754218	-0.705247	-0.150844	1.80665	-0.225477	0.520562	0.115967	
-0.0758027	-0.705644	-0.151605	1.80668	-0.22662	0.52107	0.116021	
-0.0761836	-0.706042	-0.152367	1.80671	-0.227763	0.521578	0.116071	
-0.0765645	-0.70644	-0.153129	1.80622	-0.228906	0.522086	0.116116	
-0.0769455	-0.706838	-0.153891	1.80561	-0.230048	0.522594	0.116153	
-0.0773264	-0.707236	-0.154653	1.80501	-0.231191	0.523102	0.116183	
-0.0777073	-0.707634	-0.155415	1.8044	-0.232334	0.52361	0.116206	
-0.0780882	-0.708031	-0.156176	1.8038	-0.233477	0.524118	0.116224	
-0.0784691	-0.708429	-0.156938	1.80319	-0.234619	0.524626	0.116238	
-0.07885	-0.708827	-0.1577	1.80259	-0.235762	0.525133	0.116248	
-0.079231	-0.709225	-0.158462	1.80198	-0.236905	0.525556	0.116255	
-0.0796119	-0.709623	-0.159224	1.80138	-0.238048	0.525453	0.11626	
-0.0799928	-0.710021	-0.159986	1.80077	-0.239008	0.524946	0.116262	
-0.0799741	-0.710419	-0.15978	1.80017	-0.239046	0.524438	0.116261	
-0.0795932	-0.710816	-0.159018	1.79956	-0.238474	0.52393	0.11626	
-0.0792123	-0.711214	-0.158256	1.79896	-0.237499	0.523422	0.116259	
-0.0788313	-0.711612	-0.157494	1.79835	-0.236356	0.522914	0.116257	
-0.0784504	-0.71201	-0.156732	1.79775	-0.235214	0.522406	0.116255	
-0.0780695	-0.712334	-0.15597	1.79714	-0.234071	0.521899	0.116253	
-0.0776886	-0.712589	-0.155209	1.79654	-0.232928	0.521391	0.116251	
-0.0773077	-0.712801	-0.154447	1.79597	-0.231785	0.520883	0.116249	
-0.0769267	-0.713003	-0.153685	1.79541	-0.230643	0.520375	0.116246	
-0.0765458	-0.713206	-0.152923	1.79484	-0.2295	0.519867	0.116242	
-0.0761649	-0.713412	-0.152161	1.79427	-0.228357	0.519359	0.116238	
-0.075784	-0.713624	-0.151399	1.7937	-0.227214	0.518851	0.116233	
-0.0754031	-0.713845	-0.150638	1.79313	-0.226072	0.518343	0.116228	
-0.0750222	-0.714077	-0.149876	1.79256	-0.224929	0.517835	0.116221	
-0.0746412	-0.714323	-0.149114	1.79199	-0.223786	0.517328	0.116213	
-0.0742603	-0.714585	-0.148352	1.79143	-0.222643	0.51682	0.116204	
-0.0738794	-0.714866	-0.14759	1.79087	-0.221501	0.516312	0.116193	
-0.0734985	-0.715168	-0.146828	1.79033	-0.220358	0.515804	0.116181	
-0.0731176	-0.715494	-0.146067	1.78979	-0.219215	0.515296	0.116167	
-0.0727366	-0.715847	-0.145305	1.78927	-0.218072	0.514788	0.116151	
-0.0723557	-0.716229	-0.144543	1.78876	-0.21693	0.51428	0.116132	
-0.0719748	-0.716627	-0.143781	1.78827	-0.215787	0.513772	0.116112	
-0.0715939	-0.717024	-0.143019	1.78779	-0.214644	0.513264	0.116089	
-0.071213	-0.717422	-0.142257	1.78732	-0.213501	0.512757	0.116063	
-0.0708321	-0.71782	-0.141496	1.78684	-0.212359	0.512249	0.116033	
-0.0704511	-0.718218	-0.140734	1.78637	-0.211216	0.511741	0.116	
-0.0700702	-0.718616	-0.139972	1.78589	-0.210073	0.511233	0.115963	
-0.0696893	-0.719014	-0.13921	1.78541	-0.20893	0.510725	0.115921	
-0.0693084	-0.719412	-0.138448	1.78493	-0.207788	0.510217	0.115875	
-0.0689275	-0.719809	-0.137686	1.78444	-0.206645	0.509709	0.115824	
-0.0685465	-0.720207	-0.136925	1.78395	-0.205502	0.509201	0.115767	
-0.0681656	-0.720605	-0.136163	1.78346	-0.204359	0.508693	0.115704	
-0.0677847	-0.721003	-0.135401	1.78297	-0.203217	0.508186	0.115635	
-0.0674038	-0.721401	-0.134639	1.78248	-0.202074	0.507678	0.11556	
-0.0670229	-0.721799	-0.133877	1.78198	-0.200931	0.50717	0.115477	
-0.066642	-0.722196	-0.133115	1.78148	-0.199788	0.506662	0.115387	
-0.066261	-0.722594	-0.132354	1.78098	-0.198645	0.506154	0.115288	
-0.0658801	-0.722992	-0.131592	1.78048	-0.197503	0.505646	0.115181	
-0.0654992	-0.72339	-0.13083	1.77997	-0.19636	0.505138	0.115066	
-0.0651183	-0.723788	-0.130068	1.77947	-0.195217	0.50463	0.11494	
-0.0647374	-0.724186	-0.129306	1.77896	-0.194074	0.504122	0.114804	
-0.0643565	-0.724584	-0.128544	1.77845	-0.192932	0.503614	0.114658	
-0.0639755	-0.724981	-0.127783	1.77794	-0.191789	0.503107	0.1145	
-0.0635946	-0.725379	-0.127021	1.77742	-0.190646	0.502599	0.114331	
-0.0632137	-0.725777	-0.126259	1.77691	-0.189503	0.502091	0.114149	
-0.0628328	-0.726175	-0.125497	1.77639	-0.188361	0.501583	0.113955	
-0.0624519	-0.726573	-0.124735	1.77587	-0.187218	0.501075	0.113746	
-0.0620709	-0.726971	-0.123973	1.77535	-0.186075	0.500567	0.113523	
-0.06169	-0.727369	-0.123212	1.77483	-0.184932	0.500059	0.113286	
-0.0613091	-0.727766	-0.12245	1.7743	-0.18379	0.499551	0.113033	
-0.0609282	-0.728164	-0.121688	1.77378	-0.182647	0.499043	0.112763	
-0.0605473	-0.728562	-0.120926	1.77325	-0.181504	0.498536	0.112477	
-0.0601664	-0.72896	-0.120164	1.77272	-0.180361	0.498028	0.112173	
-0.0597854	-0.729358	-0.119402	1.77219	-0.179219	0.49752	0.111851	
-0.0594045	-0.729756	-0.11864	1.77166	-0.178076	0.497012	0.111509	
-0.0590236	-0.730153	-0.117879	1.77113	-0.176933	0.496504	0.111148	
-0.0586427	-0.730551	-0.117117	1.7706	-0.17579	0.495996	0.110766	
-0.0582618	-0.730949	-0.116355	1.77006	-0.174648	0.495488	0.110362	
-0.0578808	-0.731347	-0.115593	1.76953	-0.173505	0.49498	0.109937	
-0.0574999	-0.731745	-0.114831	1.76899	-0.172362	0.494472	0.109488	
-0.057119	-0.732143	-0.114069	1.76845	-0.171219	0.493965	0.109016	
-0.0567381	-0.732541	-0.113308	1.76791	-0.170077	0.493457	0.108519	
-0.0563572	-0.732938	-0.112546	1.76737	-0.168934	0.492949	0.107997	
-0.0559763	-0.733336	-0.111784	1.76683	-0.167791	0.492441	0.107448	
-0.0555953	-0.733734	-0.111022	1.76629	-0.166648	0.491933	0.106873	
-0.0552144	-0.734132	-0.11026	1.76575	-0.165506	0.491425	0.106269	
-0.0548335	-0.73453	-0.109498	1.76521	-0.164363	0.490917	0.105637	
-0.0544526	-0.734928	-0.108737	1.76466	-0.16322	0.490409	0.104974	
-0.0540717	-0.735325	-0.107975	1.76412	-0.162077	0.489901	0.104281	
-0.0536907	-0.735723	-0.107213	1.76358	-0.160935	0.489394	0.103557	
-0.0533098	-0.736121	-0.106451	1.76303	-0.159792	0.488886	0.1028	
-0.0529289	-0.736519	-0.105689	1.76248	-0.158649	0.488378	0.10201	
-0.052548	-0.736917	-0.104927	1.76194	-0.157506	0.48787	0.101185	
-0.0521671	-0.737315	-0.104166	1.76139	-0.156364	0.487362	0.100326	
-0.0517862	-0.737713	-0.103404	1.76084	-0.155221	0.486854	0.09943	
-0.0514052	-0.73811	-0.102642	1.76029	-0.154078	0.486346	0.098497	
-0.0510243	-0.738508	-0.10188	1.75975	-0.152935	0.485838	0.097526	
-0.0506434	-0.738906	-0.101118	1.7592	-0.151793	0.48533	0.0965159	
-0.0502625	-0.739304	-0.100356	1.75865	-0.15065	0.484823	0.0954658	
-0.0498816	-0.739702	-0.0995946	1.7581	-0.149507	0.484315	0.0943748	
-0.0495006	-0.7401	-0.0988328	1.75755	-0.148364	0.483807	0.0932418	
-0.0491197	-0.740497	-0.0980709	1.757	-0.147222	0.483299	0.0920659	
-0.0487388	-0.740895	-0.0973091	1.75645	-0.146079	0.482791	0.090846	
-0.0483579	-0.741293	-0.0965472	1.7559	-0.144936	0.482283	0.0895813	
-0.047977	-0.741691	-0.0957854	1.75534	-0.143793	0.481775	0.0882705	
-0.0475961	-0.742089	-0.0950236	1.75479	-0.142651	0.481267	0.0869129	
-0.0472151	-0.742487	-0.0942617	1.75424	-0.141508	0.480759	0.0855073	
-0.0468342	-0.742885	-0.0934999	1.75369	-0.140365	0.480252	0.0840528	
-0.0464533	-0.743282	-0.0927381	1.75314	-0.139222	0.479744	0.0825484	
-0.0460724	-0.74368	-0.0919762	1.75259	-0.13808	0.479236	0.0810247	
-0.0456915	-0.744078	-0.0912144	1.75255	-0.136937	0.478728	0.0795285	
-0.0453105	-0.744476	-0.0904526	1.75277	-0.135794	0.47822	0.0780775	
-0.0449296	-0.744874	-0.0896907	1.7531	-0.134651	0.477712	0.076665	
-0.0445487	-0.745272	-0.0889289	1.7535	-0.133508	0.477204	0.0752875	
-0.0441678	-0.74567	-0.088167	1.75393	-0.132366	0.476696	0.0739429	
-0.0437869	-0.746067	-0.0874052	1.75437	-0.131223	0.476188	0.0726303	
-0.043406	-0.746465	-0.0866434	1.75481	-0.13008	0.47568	0.0713488	
-0.043025	-0.746863	-0.0858815	1.75527	-0.128937	0.475173	0.070098	
-0.0426441	-0.747261	-0.0851197	1.75572	-0.127795	0.474665	0.0688773	
-0.0422632	-0.747659	-0.0843579	1.75618	-0.126652	0.474157	0.0676863	
-0.0418823	-0.748057	-0.083596	1.75663	-0.125509	0.473649	0.0665246	
-0.0415014	-0.748454	-0.0828342	1.75709	-0.124366	0.473141	0.0653918	
-0.0411204	-0.748852	-0.0820724	1.75755	-0.123224	0.472633	0.0642875	
-0.0407395	-0.74925	-0.0813105	1.75801	-0.122081	0.472125	0.0632112	
-0.0403586	-0.749648	-0.0805487	1.75848	-0.120938	0.471617	0.0621627	
-0.0399777	-0.750046	-0.0797868	1.75894	-0.119795	0.471109	0.0611414	
-0.0395968	-0.750444	-0.079025	1.75941	-0.118653	0.470602	0.060147	
-0.0392159	-0.750842	-0.0782632	1.75987	-0.11751	0.470094	0.059179	
-0.0388349	-0.751239	-0.0775013	1.76034	-0.116367	0.469586	0.0582371	
-0.038454	-0.751637	-0.0767395	1.76081	-0.115224	0.469078	0.0573209	
-0.0380731	-0.752035	-0.0759777	1.76128	-0.114082	0.46857	0.05643	
-0.0376922	-0.752433	-0.0752158	1.76175	-0.112939	0.468062	0.0555639	
-0.0373113	-0.752831	-0.074454	1.76222	-0.111796	0.467554	0.0547223	
-0.0369303	-0.753229	-0.0736922	1.7627	-0.110653	0.467046	0.0539048	
-0.0365494	-0.753626	-0.0729303	1.76317	-0.109511	0.466538	0.0531109	
-0.0361685	-0.754024	-0.0721685	1.76365	-0.108368	0.466031	0.0523403	
-0.0357876	-0.754422	-0.0714066	1.76413	-0.107225	0.465523	0.0515926	
-0.0354067	-0.75482	-0.0706448	1.7646	-0.106082	0.465015	0.0508673	
-0.0350258	-0.755218	-0.069883	1.76508	-0.10494	0.464507	0.0501641	
-0.0346448	-0.755616	-0.0691211	1.76557	-0.103797	0.463999	0.0494825	
-0.0342639	-0.756014	-0.0683593	1.76605	-0.102654	0.463491	0.0488223	
-0.033883	-0.756411	-0.0675975	1.76653	-0.101511	0.462983	0.0481829	
-0.0335021	-0.756809	-0.0668356	1.76702	-0.100369	0.462475	0.047564	
-0.0331212	-0.757207	-0.0660738	1.7675	-0.0992259	0.461967	0.0469652	
-0.0327402	-0.757605	-0.065312	1.76799	-0.0980831	0.46146	0.0463861	
-0.0323593	-0.758003	-0.0645501	1.76848	-0.0969403	0.460952	0.0458263	
-0.0319784	-0.758401	-0.0637883	1.76897	-0.0957976	0.460444	0.0452854	
-0.0315975	-0.758798	-0.0630264	1.76946	-0.0946548	0.459936	0.0447631	
-0.0312166	-0.759196	-0.0622646	1.76995	-0.0935121	0.459428	0.0442589	
-0.0308357	-0.759594	-0.0615028	1.77045	-0.0923693	0.45892	0.0437725	
-0.0304547	-0.759992	-0.0607409	1.77094	-0.0912266	0.458412	0.0433035	
-0.0300738	-0.76039	-0.0599791	1.77144	-0.0900838	0.457904	0.0428515	
-0.0296929	-0.760788	-0.0592173	1.77194	-0.0889411	0.457396	0.0424161	
-0.029312	-0.761186	-0.0584554	1.77244	-0.0877983	0.456889	0.041997	
-0.0289311	-0.761583	-0.0576936	1.77294	-0.0866556	0.456381	0.0415938	
-0.0285501	-0.761981	-0.0569318	1.77344	-0.0855128	0.455873	0.041206	
-0.0281692	-0.762379	-0.0561699	1.77395	-0.0843701	0.455365	0.0408334	
-0.0277883	-0.762777	-0.0554081	1.77445	-0.0832273	0.454857	0.0404756	
-0.0274074	-0.763175	-0.0546463	1.77496	-0.0820845	0.454349	0.0401323	
-0.0270265	-0.763573	-0.0538844	1.77546	-0.0809418	0.453841	0.0398029	
-0.0266456	-0.76397	-0.0531226	1.77597	-0.079799	0.453333	0.0394873	
-0.0262646	-0.764368	-0.0523607	1.77648	-0.0786563	0.452825	0.039185	
-0.0258837	-0.764766	-0.0515989	1.777	-0.0775135	0.452318	0.0388957	
-0.0255028	-0.765164	-0.0508371	1.77751	-0.0763708	0.45181	0.0386191	
-0.0251219	-0.765562	-0.0500752	1.77802	-0.075228	0.451302	0.0383547	
-0.024741	-0.76596	-0.0493134	1.77854	-0.0740853	0.450794	0.0381023	
-0.02436	-0.766358	-0.0485516	1.77906	-0.0729425	0.450286	0.0378615	
-0.0239791	-0.766755	-0.0477897	1.77958	-0.0717998	0.449778	0.037632	
-0.0235982	-0.767153	-0.0470279	1.7801	-0.070657	0.44927	0.0374135	
-0.0232173	-0.767551	-0.0462661	1.78062	-0.0695142	0.448762	0.0372056	
-0.0228364	-0.767949	-0.0455042	1.78114	-0.0683715	0.448254	0.0370079	
-0.0224555	-0.768347	-0.0447424	1.78166	-0.0672287	0.447746	0.0368203	
-0.0220745	-0.768745	-0.0439805	1.78219	-0.066086	0.447239	0.0366423	
-0.0216936	-0.769143	-0.0432187	1.78272	-0.0649432	0.446731	0.0364736	
-0.0213127	-0.76954	-0.0424569	1.78325	-0.0638005	0.446223	0.036314	
-0.0209318	-0.769938	-0.041695	1.78377	-0.0626577	0.445715	0.0361632	
-0.0205509	-0.770336	-0.0409332	1.78431	-0.061515	0.445207	0.0360207	
-0.0201699	-0.770734	-0.0401714	1.78484	-0.0603722	0.444699	0.0358864	
-0.019789	-0.771132	-0.0394095	1.78537	-0.0592295	0.444191	0.0357599	
-0.0194081	-0.77153	-0.0386477	1.78591	-0.0580867	0.443683	0.035641	
-0.0190272	-0.771927	-0.0378859	1.78645	-0.0569439	0.443175	0.0355293	
-0.0186463	-0.772325	-0.037124	1.78698	-0.0558012	0.44269	0.0354246	
-0.0182654	-0.772723	-0.0363622	1.78752	-0.0546584	0.442231	0.0353264	
-0.0178844	-0.773121	-0.0356003	1.78804	-0.0535157	0.441796	0.0352344	
-0.0175035	-0.773519	-0.0348385	1.78855	-0.0523729	0.441385	0.0351482	
-0.0171226	-0.773917	-0.0340767	1.78904	-0.0512302	0.440995	0.0350675	
-0.0167417	-0.774315	-0.0333148	1.78953	-0.0500874	0.440626	0.0349922	
-0.0163608	-0.774712	-0.032553	1.79	-0.0489447	0.440279	0.034922	
-0.0159799	-0.77511	-0.0317912	1.79046	-0.0478019	0.439953	0.0348566	
-0.0155989	-0.775508	-0.0310293	1.79091	-0.0466592	0.439647	0.0347959	
-0.015218	-0.775906	-0.0302675	1.79135	-0.0455164	0.439361	0.0347396	
-0.0148371	-0.776304	-0.0295057	1.79177	-0.0443737	0.439094	0.0346876	
-0.0144562	-0.776702	-0.0287438	1.79219	-0.0432309	0.438847	0.0346395	
-0.0140753	-0.777099	-0.027982	1.7926	-0.0420881	0.438618	0.0345953	
-0.0136943	-0.777497	-0.0272201	1.79299	-0.0409454	0.438407	0.0345546	
-0.0133134	-0.777895	-0.0264583	1.79338	-0.0398026	0.438213	0.0345174	
-0.0129325	-0.778293	-0.0256965	1.79375	-0.0386599	0.438037	0.0344834	
-0.0125516	-0.778691	-0.0249346	1.79412	-0.0375171	0.437878	0.0344524	
-0.0121707	-0.779089	-0.0241728	1.79448	-0.0363744	0.437735	0.0344243	
-0.0117898	-0.779487	-0.023411	1.79483	-0.0352316	0.437608	0.0343988	
-0.0114088	-0.779884	-0.0226491	1.79517	-0.0340889	0.437497	0.0343759	
-0.0110279	-0.780282	-0.0218873	1.7955	-0.0329461	0.4374	0.0343554	
-0.010647	-0.78068	-0.0211255	1.79582	-0.0318034	0.437318	0.0343371	
-0.0102661	-0.781078	-0.0203636	1.79614	-0.0306606	0.43725	0.0343208	
-0.00988516	-0.781476	-0.0196018	1.79645	-0.0295178	0.437195	0.0343064	
-0.00950424	-0.781874	-0.0188399	1.79675	-0.0283751	0.437153	0.0342938	
-0.00912332	-0.782233	-0.0180781	1.79705	-0.0272323	0.437124	0.0342827	
-0.00874241	-0.782565	-0.0173163	1.79732	-0.0260896	0.437098	0.034273	
-0.00836149	-0.782869	-0.0165544	1.79757	-0.0249468	0.437074	0.0342644	
-0.00798057	-0.783147	-0.0157926	1.7978	-0.0238041	0.437051	0.034257	
-0.00759965	-0.783329	-0.0150308	1.79798	-0.0226613	0.437015	0.0342526	
-0.00721873	-0.783439	-0.0142689	1.79811	-0.0215186	0.436967	0.0342504	
-0.00683782	-0.783495	-0.0135071	1.79819	-0.0203758	0.436915	0.0342494	
-0.0064569	-0.783514	-0.0127453	1.79823	-0.0192331	0.436867	0.0342491	
-0.00607598	-0.783515	-0.0119834	1.79825	-0.0180903	0.436831	0.034249	
-0.00569506	-0.783515	-0.0112216	1.79825	-0.0177408	0.436816	0.034249	
-0.00607598	-0.78353	-0.0119834	1.79824	-0.018188	0.43683	0.034249	
-0.0064569	-0.783559	-0.0127453	1.79823	-0.019015	0.436862	0.0342491	
-0.00683782	-0.783606	-0.0135071	1.79821	-0.0201578	0.436914	0.0342493	
-0.00721873	-0.783674	-0.0142689	1.7982	-0.0213006	0.436991	0.0342496	
-0.00759965	-0.783767	-0.0150308	1.79818	-0.0224433	0.437096	0.0342502	
-0.00798057	-0.783891	-0.0157926	1.79817	-0.0235861	0.437232	0.0342511	
-0.00836149	-0.784047	-0.0165544	1.79816	-0.0247288	0.437403	0.0342524	
-0.00874241	-0.784241	-0.0173163	1.79815	-0.0258716	0.437612	0.0342543	
-0.00912332	-0.784477	-0.0180781	1.79815	-0.0270143	0.437863	0.0342569	
-0.00950424	-0.784758	-0.0188399	1.79815	-0.0281571	0.43816	0.0342604	
-0.00988516	-0.785088	-0.0196018	1.79815	-0.0292998	0.438506	0.0342648	
-0.0102661	-0.785472	-0.0203636	1.79817	-0.0304426	0.438904	0.0342705	
-0.010647	-0.78587	-0.0211255	1.79818	-0.0315853	0.439359	0.0342776	
-0.0110279	-0.786268	-0.0218873	1.79819	-0.0327281	0.439863	0.0342865	
-0.0114088	-0.786665	-0.0226491	1.79817	-0.0338709	0.440371	0.0342977	
-0.0117898	-0.787063	-0.023411	1.79814	-0.0350136	0.440879	0.0343112	
-0.0121707	-0.787461	-0.0241728	1.79811	-0.0361564	0.441387	0.0343273	
-0.0125516	-0.787859	-0.0249346	1.79807	-0.0372991	0.441894	0.0343463	
-0.0129325	-0.788257	-0.0256965	1.79803	-0.0384419	0.442402	0.0343684	
-0.0133134	-0.788655	-0.0264583	1.79799	-0.0395846	0.44291	0.034394	
-0.0136943	-0.789053	-0.0272201	1.79795	-0.0407274	0.443418	0.0344235	
-0.0140753	-0.78945	-0.027982	1.7979	-0.0418701	0.443926	0.0344571	
-0.0144562	-0.789848	-0.0287438	1.79786	-0.0430129	0.444434	0.0344952	
-0.0148371	-0.790246	-0.0295057	1.79781	-0.0441556	0.444942	0.0345383	
-0.015218	-0.790644	-0.0302675	1.79776	-0.0452984	0.44545	0.0345867	
-0.0155989	-0.791042	-0.0310293	1.79771	-0.0464412	0.445958	0.0346408	
-0.0159799	-0.79144	-0.0317912	1.79766	-0.0475839	0.446465	0.0347011	
-0.0163608	-0.791837	-0.032553	1.79761	-0.0487267	0.446973	0.034768	
-0.0167417	-0.792235	-0.0333148	1.79755	-0.0498694	0.447481	0.0348419	
-0.0171226	-0.792633	-0.0340767	1.7975	-0.0510122	0.447989	0.0349233	
-0.0175035	-0.793031	-0.0348385	1.79744	-0.0521549	0.448497	0.0350127	
-0.0178844	-0.793429	-0.0356003	1.79738	-0.0532977	0.449005	0.0351106	
-0.0182654	-0.793827	-0.0363622	1.79732	-0.0544404	0.449513	0.0352174	
-0.0186463	-0.794225	-0.037124	1.79726	-0.0555832	0.450021	0.0353337	
-0.0190272	-0.794622	-0.0378859	1.79719	-0.0567259	0.450529	0.0354599	
-0.0194081	-0.79502	-0.0386477	1.79713	-0.0578687	0.451036	0.0355967	
-0.019789	-0.795418	-0.0394095	1.79706	-0.0590114	0.451544	0.0357446	
-0.0201699	-0.795816	-0.0401714	1.79699	-0.0601542	0.452052	0.035904	
-0.0205509	-0.796214	-0.0409332	1.79692	-0.061297	0.45256	0.0360757	
-0.0209318	-0.796612	-0.041695	1.79685	-0.0624397	0.453068	0.03626	
-0.0213127	-0.79701	-0.0424569	1.79677	-0.0635825	0.453576	0.0364576	
-0.0216936	-0.797407	-0.0432187	1.7967	-0.0647252	0.454084	0.0366692	
-0.0220745	-0.797805	-0.0439805	1.79662	-0.065868	0.454592	0.0368952	
-0.0224555	-0.798203	-0.0447424	1.79654	-0.0670107	0.4551	0.0371363	
-0.0228364	-0.798601	-0.0455042	1.79646	-0.0681535	0.455607	0.0373931	
-0.0232173	-0.798999	-0.0462661	1.79637	-0.0692962	0.456115	0.0376661	
-0.0235982	-0.799397	-0.0470279	1.79629	-0.070439	0.456623	0.0379561	
-0.0239791	-0.799794	-0.0477897	1.7962	-0.0715817	0.457131	0.0382637	
-0.02436	-0.800192	-0.0485516	1.79611	-0.0727245	0.457639	0.0385894	
-0.024741	-0.80059	-0.0493134	1.79602	-0.0738673	0.458147	0.0389339	
-0.0251219	-0.800988	-0.0500752	1.79592	-0.07501	0.458655	0.0392979	
-0.0255028	-0.801386	-0.0508371	1.79583	-0.0761528	0.459163	0.039682	
-0.0258837	-0.801784	-0.0515989	1.79573	-0.0772955	0.459671	0.0400869	
-0.0262646	-0.802182	-0.0523607	1.79563	-0.0784383	0.460179	0.0405132	
-0.0266456	-0.802579	-0.0531226	1.79553	-0.079581	0.460686	0.0409615	
-0.0270265	-0.802977	-0.0538844	1.79543	-0.0807238	0.461194	0.0414325	
-0.0274074	-0.803375	-0.0546463	1.79532	-0.0818665	0.461702	0.041927	
-0.0277883	-0.803773	-0.0554081	1.79521	-0.0830093	0.46221	0.0424455	
-0.0281692	-0.804171	-0.0561699	1.7951	-0.084152	0.462718	0.0429887	
-0.0285501	-0.804569	-0.0569318	1.79499	-0.0852948	0.463226	0.0435574	
-0.0289311	-0.804966	-0.0576936	1.79487	-0.0864376	0.463734	0.0441521	
-0.029312	-0.805364	-0.0584554	1.79475	-0.0875803	0.464242	0.0447736	
-0.0296929	-0.805762	-0.0592173	1.79463	-0.0887231	0.46475	0.0454224	
-0.0300738	-0.80616	-0.0599791	1.79451	-0.0898658	0.465257	0.0460994	
-0.0304547	-0.806558	-0.0607409	1.79439	-0.0910086	0.465765	0.0468052	
-0.0308357	-0.806956	-0.0615028	1.79426	-0.0921513	0.466273	0.0475404	
-0.0312166	-0.807354	-0.0622646	1.79413	-0.0932941	0.466781	0.0483057	
-0.0315975	-0.807751	-0.0630264	1.794	-0.0944368	0.467289	0.0491018	
-0.0319784	-0.808149	-0.0637883	1.79386	-0.0955796	0.467797	0.0499293	
-0.0323593	-0.808547	-0.0645501	1.79373	-0.0967223	0.468305	0.050789	
-0.0327402	-0.808945	-0.065312	1.79359	-0.0978651	0.468813	0.0516815	
-0.0331212	-0.809343	-0.0660738	1.79345	-0.0990079	0.469321	0.0526075	
-0.0335021	-0.809741	-0.0668356	1.7933	-0.100151	0.469828	0.0535676	
-0.033883	-0.810138	-0.0675975	1.79316	-0.101293	0.470336	0.0545624	
-0.0342639	-0.810536	-0.0683593	1.79301	-0.102436	0.470844	0.0555928	
-0.0346448	-0.810934	-0.0691211	1.79286	-0.103579	0.471352	0.0566592	
-0.0350258	-0.811332	-0.069883	1.7927	-0.104722	0.47186	0.0577624	
-0.0354067	-0.81173	-0.0706448	1.79255	-0.105864	0.472368	0.058903	
-0.0357876	-0.812128	-0.0714066	1.79239	-0.107007	0.472876	0.0600816	
-0.0361685	-0.812526	-0.0721685	1.79222	-0.10815	0.473384	0.0612989	
-0.0365494	-0.812923	-0.0729303	1.79206	-0.109293	0.473892	0.0625555	
-0.0369303	-0.813321	-0.0736922	1.79189	-0.110435	0.474399	0.0638521	
-0.0373113	-0.813719	-0.074454	1.79172	-0.111578	0.474907	0.0651892	
-0.0376922	-0.814117	-0.0752158	1.79155	-0.112721	0.475415	0.0665675	
-0.0380731	-0.814515	-0.0759777	1.79137	-0.113864	0.475923	0.0679877	
-0.038454	-0.814913	-0.0767395	1.7912	-0.115006	0.476431	0.0694502	
-0.0388349	-0.815311	-0.0775013	1.79102	-0.116149	0.476939	0.0709557	
-0.0392159	-0.815708	-0.0782632	1.79083	-0.117292	0.477447	0.0724794	
-0.0395968	-0.816106	-0.079025	1.79065	-0.118435	0.477955	0.0740031	
-0.0399777	-0.816504	-0.0797868	1.79046	-0.119577	0.478463	0.0755267	
-0.0403586	-0.816902	-0.0805487	1.79027	-0.12072	0.47897	0.0770504	
-0.0407395	-0.8173	-0.0813105	1.79007	-0.121863	0.479478	0.0785741	
-0.0411204	-0.817698	-0.0820724	1.78987	-0.123006	0.479986	0.0800978	
-0.0415014	-0.818095	-0.0828342	1.78967	-0.124148	0.480494	0.0816214	
-0.0418823	-0.818493	-0.083596	1.78954	-0.125291	0.481002	0.0831451	
