0.33216	-0.00182259	0.858258	-0.00359834	-0.999993	-0.000681294	-0.0508695	0.000863464	-0.998705	0.998699	-0.00355902	-0.0508723	
0.331994	-0.00355927	0.858501	-0.00704283	-0.999974	-0.00134611	-0.0502478	0.00169834	-0.998735	0.998712	-0.00696628	-0.0502584	
0.331969	-0.00534818	0.858505	-0.0105904	-0.999942	-0.00203041	-0.0502222	0.00255987	-0.998735	0.998682	-0.010475	-0.0502464	
0.331938	-0.0071368	0.858506	-0.0141374	-0.999896	-0.00271466	-0.0501987	0.00342125	-0.998733	0.998639	-0.0139832	-0.0502419	
0.331899	-0.00892509	0.858506	-0.0176838	-0.999838	-0.00339886	-0.0501687	0.00428242	-0.998732	0.998584	-0.0174909	-0.0502362	
0.331852	-0.010713	0.858507	-0.0212295	-0.999766	-0.00408302	-0.0501319	0.00514331	-0.998729	0.998517	-0.0209979	-0.0502294	
0.331797	-0.0125004	0.858508	-0.0247744	-0.999682	-0.00476711	-0.0500886	0.00600387	-0.998727	0.998437	-0.0245041	-0.0502214	
0.331733	-0.0142873	0.858509	-0.0283183	-0.999584	-0.00545113	-0.0500385	0.00686403	-0.998724	0.998346	-0.0280094	-0.0502121	
0.331661	-0.0160735	0.85851	-0.031861	-0.999473	-0.00613505	-0.0499818	0.00772373	-0.99872	0.998242	-0.0315136	-0.0502016	
0.331581	-0.017859	0.858511	-0.0354025	-0.99935	-0.00681886	-0.0499185	0.00858292	-0.998716	0.998126	-0.0350166	-0.0501899	
0.331493	-0.0196437	0.858512	-0.0389425	-0.999213	-0.00750254	-0.0498485	0.00944153	-0.998712	0.997997	-0.0385183	-0.050177	
0.331396	-0.0214275	0.858513	-0.0424809	-0.999064	-0.00818608	-0.049772	0.0102995	-0.998708	0.997857	-0.0420185	-0.0501629	
0.331292	-0.0232104	0.858515	-0.0460176	-0.998901	-0.00886947	-0.0496887	0.0111568	-0.998702	0.997704	-0.0455171	-0.0501476	
0.331179	-0.0249922	0.858517	-0.0495523	-0.998726	-0.00955268	-0.0495989	0.0120133	-0.998697	0.997539	-0.049014	-0.050131	
0.331058	-0.0267729	0.858518	-0.0530851	-0.998538	-0.0102357	-0.0495025	0.012869	-0.998691	0.997362	-0.0525089	-0.0501133	
0.330929	-0.0285524	0.85852	-0.0566157	-0.998336	-0.0109185	-0.0493995	0.0137238	-0.998685	0.997173	-0.0560018	-0.0500943	
0.330792	-0.0303306	0.858522	-0.0601439	-0.998122	-0.0116011	-0.04929	0.0145777	-0.998678	0.996972	-0.0594926	-0.0500742	
0.330647	-0.0321074	0.858524	-0.0636697	-0.997895	-0.0122835	-0.0491739	0.0154306	-0.998671	0.996759	-0.0629811	-0.0500529	
0.330494	-0.0338828	0.858526	-0.0671929	-0.997656	-0.0129656	-0.0490513	0.0162824	-0.998664	0.996534	-0.0664671	-0.0500303	
0.330333	-0.0356566	0.858529	-0.0707133	-0.997403	-0.0136475	-0.0489221	0.0171331	-0.998656	0.996296	-0.0699506	-0.0500066	
0.330164	-0.0374289	0.858531	-0.0742309	-0.997138	-0.0143291	-0.0487865	0.0179826	-0.998647	0.996047	-0.0734314	-0.0499817	
0.329986	-0.0391995	0.858534	-0.0777453	-0.99686	-0.0150104	-0.0486444	0.0188309	-0.998639	0.995786	-0.0769093	-0.0499556	
0.329801	-0.0409683	0.858536	-0.0812566	-0.99657	-0.0156914	-0.0484958	0.019678	-0.99863	0.995513	-0.0803843	-0.0499284	
0.329608	-0.0427353	0.858539	-0.0847646	-0.996266	-0.016372	-0.0483407	0.0205236	-0.99862	0.995228	-0.0838562	-0.0498999	
0.329407	-0.0445004	0.858542	-0.0882691	-0.995951	-0.0170523	-0.0481793	0.0213679	-0.99861	0.994931	-0.0873249	-0.0498703	
0.329198	-0.0462635	0.858545	-0.09177	-0.995622	-0.0177323	-0.0480115	0.0222107	-0.9986	0.994622	-0.0907902	-0.0498396	
0.328981	-0.0480245	0.858548	-0.0952672	-0.995281	-0.0184119	-0.0478373	0.023052	-0.998589	0.994302	-0.094252	-0.0498077	
0.328756	-0.0497833	0.858551	-0.0987604	-0.994928	-0.0190911	-0.0476567	0.0238917	-0.998578	0.993969	-0.0977102	-0.0497746	
0.328523	-0.05154	0.858554	-0.10225	-0.994562	-0.0197699	-0.0474699	0.0247298	-0.998566	0.993625	-0.101165	-0.0497403	
0.328283	-0.0532944	0.858558	-0.105735	-0.994184	-0.0204483	-0.0472767	0.0255662	-0.998555	0.99327	-0.104615	-0.049705	
0.328035	-0.0550464	0.858561	-0.109216	-0.993794	-0.0211262	-0.0470772	0.0264009	-0.998542	0.992903	-0.108062	-0.0496684	
0.327779	-0.0567959	0.858565	-0.112692	-0.993391	-0.0218038	-0.0468716	0.0272338	-0.99853	0.992524	-0.111504	-0.0496308	
0.327515	-0.0585429	0.858568	-0.116164	-0.992976	-0.0224808	-0.0466597	0.0280648	-0.998517	0.992133	-0.114942	-0.049592	
0.327244	-0.0602874	0.858572	-0.119631	-0.992548	-0.0231574	-0.0464416	0.0288939	-0.998503	0.991732	-0.118376	-0.0495521	
0.326965	-0.0620292	0.858576	-0.123093	-0.992109	-0.0238335	-0.0462173	0.0297211	-0.998489	0.991318	-0.121806	-0.0495111	
0.326678	-0.0637682	0.85858	-0.12655	-0.991657	-0.0245091	-0.045987	0.0305463	-0.998475	0.990894	-0.12523	-0.049469	
0.326384	-0.0655045	0.858584	-0.130003	-0.991194	-0.0251842	-0.0457505	0.0313694	-0.99846	0.990458	-0.12865	-0.0494257	
0.326083	-0.0672378	0.858588	-0.13345	-0.990718	-0.0258588	-0.045508	0.0321904	-0.998445	0.99001	-0.132065	-0.0493814	
0.325773	-0.0689682	0.858592	-0.136891	-0.990231	-0.0265328	-0.0452595	0.0330092	-0.99843	0.989552	-0.135475	-0.049336	
0.325457	-0.0706956	0.858596	-0.140327	-0.989731	-0.0272062	-0.0450049	0.0338259	-0.998414	0.989082	-0.13888	-0.0492895	
0.325132	-0.07242	0.858601	-0.143758	-0.98922	-0.0278791	-0.0447444	0.0346402	-0.998398	0.988601	-0.14228	-0.0492419	
0.324801	-0.0741411	0.858605	-0.147183	-0.988697	-0.0285514	-0.044478	0.0354523	-0.998381	0.988109	-0.145675	-0.0491932	
0.324462	-0.0758591	0.85861	-0.150602	-0.988163	-0.0292231	-0.0442057	0.036262	-0.998364	0.987606	-0.149064	-0.0491435	
0.324116	-0.0775737	0.858614	-0.154015	-0.987616	-0.0298942	-0.0439275	0.0370693	-0.998347	0.987092	-0.152447	-0.0490927	
0.323762	-0.079285	0.858619	-0.157422	-0.987058	-0.0305647	-0.0436435	0.0378742	-0.998329	0.986567	-0.155825	-0.0490409	
0.323401	-0.0809929	0.858624	-0.160822	-0.986489	-0.0312345	-0.0433537	0.0386765	-0.998311	0.986031	-0.159197	-0.048988	
0.323033	-0.0826973	0.858629	-0.164217	-0.985908	-0.0319036	-0.0430582	0.0394763	-0.998292	0.985484	-0.162563	-0.0489341	
0.322658	-0.0843982	0.858634	-0.167605	-0.985316	-0.0325721	-0.042757	0.0402735	-0.998273	0.984927	-0.165922	-0.0488792	
0.322276	-0.0860954	0.858638	-0.170986	-0.984713	-0.0332399	-0.0424501	0.0410681	-0.998254	0.984359	-0.169276	-0.0488233	
0.321887	-0.087789	0.858644	-0.174361	-0.984098	-0.033907	-0.0421376	0.04186	-0.998235	0.98378	-0.172624	-0.0487663	
0.32149	-0.0894788	0.858649	-0.177728	-0.983472	-0.0345734	-0.0418196	0.0426491	-0.998214	0.983191	-0.175965	-0.0487083	
0.321087	-0.0911648	0.858654	-0.181089	-0.982835	-0.0352391	-0.0414959	0.0434355	-0.998194	0.982591	-0.1793	-0.0486494	
0.320677	-0.0928469	0.858659	-0.184443	-0.982187	-0.035904	-0.0411668	0.0442191	-0.998173	0.981981	-0.182628	-0.0485894	
0.32026	-0.0945252	0.858664	-0.18779	-0.981528	-0.0365682	-0.0408322	0.0449998	-0.998152	0.98136	-0.18595	-0.0485285	
0.319836	-0.0961994	0.85867	-0.191129	-0.980858	-0.0372317	-0.0404922	0.0457776	-0.998131	0.980729	-0.189265	-0.0484666	
0.319405	-0.0978697	0.858675	-0.194462	-0.980178	-0.0378943	-0.0401469	0.0465525	-0.998109	0.980088	-0.192572	-0.0484037	
0.318967	-0.0995358	0.858681	-0.197786	-0.979487	-0.0385562	-0.0397962	0.0473244	-0.998087	0.979437	-0.195873	-0.0483399	
0.318523	-0.101198	0.858686	-0.201103	-0.978785	-0.0392173	-0.0394402	0.0480932	-0.998064	0.978776	-0.199167	-0.0482752	
0.318072	-0.102855	0.858692	-0.204413	-0.978072	-0.0398776	-0.039079	0.0488591	-0.998041	0.978104	-0.202454	-0.0482095	
0.317615	-0.104509	0.858697	-0.207715	-0.977349	-0.040537	-0.0387126	0.0496218	-0.998018	0.977423	-0.205734	-0.0481429	
0.317151	-0.106158	0.858703	-0.211008	-0.976616	-0.0411956	-0.038341	0.0503814	-0.997994	0.976732	-0.209006	-0.0480753	
0.31668	-0.107803	0.858709	-0.214294	-0.975872	-0.0418534	-0.0379644	0.0511378	-0.99797	0.976031	-0.21227	-0.0480069	
0.316203	-0.109443	0.858715	-0.217572	-0.975118	-0.0425103	-0.0375827	0.051891	-0.997945	0.97532	-0.215527	-0.0479376	
0.31572	-0.111079	0.85872	-0.220842	-0.974354	-0.0431663	-0.0371959	0.052641	-0.997921	0.9746	-0.218777	-0.0478673	
0.31523	-0.112711	0.858726	-0.224103	-0.97358	-0.0438214	-0.0368043	0.0533877	-0.997895	0.97387	-0.222019	-0.0477962	
0.314734	-0.114337	0.858732	-0.227356	-0.972795	-0.0444757	-0.0364077	0.0541311	-0.99787	0.973131	-0.225253	-0.0477243	
0.314232	-0.11596	0.858738	-0.230601	-0.972001	-0.045129	-0.0360062	0.0548711	-0.997844	0.972382	-0.228479	-0.0476514	
0.313724	-0.117577	0.858744	-0.233837	-0.971197	-0.0457815	-0.0356	0.0556078	-0.997818	0.971624	-0.231697	-0.0475777	
0.313209	-0.11919	0.85875	-0.237064	-0.970384	-0.046433	-0.0351889	0.056341	-0.997791	0.970856	-0.234907	-0.0475032	
0.312688	-0.120798	0.858756	-0.240283	-0.96956	-0.0470835	-0.0347732	0.0570709	-0.997764	0.97008	-0.238109	-0.0474278	
0.312162	-0.122401	0.858762	-0.243493	-0.968727	-0.0477331	-0.0343527	0.0577972	-0.997737	0.969294	-0.241302	-0.0473516	
0.311629	-0.123999	0.858768	-0.246694	-0.967885	-0.0483817	-0.0339277	0.0585201	-0.99771	0.968499	-0.244488	-0.0472746	
0.311091	-0.125593	0.858774	-0.249886	-0.967033	-0.0490294	-0.0334981	0.0592394	-0.997682	0.967696	-0.247664	-0.0471968	
0.310546	-0.127181	0.85878	-0.253069	-0.966172	-0.0496761	-0.0330639	0.0599551	-0.997653	0.966883	-0.250833	-0.0471182	
0.309996	-0.128764	0.858786	-0.256243	-0.965302	-0.0503218	-0.0326253	0.0606673	-0.997625	0.966062	-0.253993	-0.0470389	
0.30944	-0.130343	0.858793	-0.259408	-0.964422	-0.0509665	-0.0321823	0.0613759	-0.997596	0.965231	-0.257144	-0.0469587	
0.308878	-0.131916	0.858799	-0.262563	-0.963534	-0.0516101	-0.0317349	0.0620808	-0.997566	0.964393	-0.260287	-0.0468778	
0.308311	-0.133484	0.858805	-0.265709	-0.962636	-0.0522528	-0.0312832	0.0627821	-0.997537	0.963545	-0.26342	-0.0467961	
0.307738	-0.135047	0.858811	-0.268846	-0.96173	-0.0528944	-0.0308272	0.0634797	-0.997507	0.96269	-0.266545	-0.0467137	
0.30716	-0.136605	0.858817	-0.271973	-0.960815	-0.0535349	-0.030367	0.0641735	-0.997477	0.961826	-0.269661	-0.0466305	
0.306576	-0.138158	0.858823	-0.275091	-0.959891	-0.0541744	-0.0299026	0.0648636	-0.997446	0.960953	-0.272768	-0.0465467	
0.305987	-0.139705	0.85883	-0.278199	-0.958958	-0.0548128	-0.0294342	0.06555	-0.997415	0.960072	-0.275866	-0.0464621	
0.305392	-0.141247	0.858836	-0.281297	-0.958017	-0.0554502	-0.0289616	0.0662326	-0.997384	0.959184	-0.278955	-0.0463768	
0.305392	-0.141247	0.858836	-0.281297	-0.958017	-0.0554502	-0.0289616	0.0662326	-0.997384	0.959184	-0.278955	-0.0463768	
0.30416	-0.144369	0.858851	-0.287574	-0.956076	-0.056747	-0.0279805	0.0676111	-0.997319	0.95735	-0.285216	-0.0461947	
0.303574	-0.145838	0.858854	-0.290528	-0.955146	-0.057357	-0.0275204	0.0682586	-0.997288	0.956471	-0.288162	-0.0461171	
0.302958	-0.147361	0.858861	-0.293591	-0.95417	-0.0579909	-0.027031	0.0689267	-0.997255	0.955549	-0.291218	-0.0460285	
0.302338	-0.148875	0.858867	-0.29664	-0.953188	-0.0586227	-0.026539	0.06959	-0.997223	0.954621	-0.29426	-0.0459399	
0.301712	-0.150385	0.858873	-0.299679	-0.952198	-0.0592534	-0.0260432	0.0702495	-0.997189	0.953685	-0.297293	-0.0458506	
0.301082	-0.151889	0.858879	-0.302707	-0.951201	-0.059883	-0.0255437	0.0709051	-0.997156	0.952741	-0.300317	-0.0457606	
0.300447	-0.153387	0.858885	-0.305725	-0.950195	-0.0605114	-0.0250405	0.0715567	-0.997122	0.95179	-0.30333	-0.0456701	
0.299806	-0.15488	0.858891	-0.308734	-0.949182	-0.0611387	-0.0245338	0.0722043	-0.997088	0.950832	-0.306335	-0.0455789	
0.299162	-0.156367	0.858897	-0.311731	-0.948161	-0.0617647	-0.0240235	0.072848	-0.997054	0.949867	-0.309329	-0.0454871	
0.298512	-0.157848	0.858903	-0.314719	-0.947132	-0.0623897	-0.0235097	0.0734877	-0.997019	0.948894	-0.312314	-0.0453948	
0.297858	-0.159324	0.858909	-0.317696	-0.946097	-0.0630134	-0.0229925	0.0741235	-0.996984	0.947914	-0.315289	-0.0453018	
0.297199	-0.160794	0.858915	-0.320662	-0.945054	-0.0636359	-0.0224719	0.0747552	-0.996949	0.946927	-0.318254	-0.0452083	
0.296536	-0.162258	0.858921	-0.323618	-0.944003	-0.0642573	-0.021948	0.0753829	-0.996913	0.945933	-0.321209	-0.0451142	
0.295868	-0.163717	0.858927	-0.326564	-0.942946	-0.0648774	-0.0214208	0.0760066	-0.996877	0.944932	-0.324154	-0.0450196	
0.295196	-0.16517	0.858933	-0.329499	-0.941882	-0.0654963	-0.0208903	0.0766262	-0.996841	0.943925	-0.32709	-0.0449244	
0.294519	-0.166617	0.858939	-0.332423	-0.94081	-0.066114	-0.0203567	0.0772417	-0.996805	0.942911	-0.330015	-0.0448287	
0.294558	-0.166537	0.858937	-0.332263	-0.940869	-0.06608	-0.0203903	0.0772093	-0.996806	0.942967	-0.329854	-0.0448384	
0.294555	-0.166542	0.858937	-0.332271	-0.940866	-0.0660819	-0.0203883	0.0772111	-0.996806	0.942963	-0.329863	-0.0448377	
0.294556	-0.166542	0.858937	-0.332271	-0.940866	-0.0660818	-0.0203884	0.077211	-0.996806	0.942964	-0.329862	-0.0448377	
0.294556	-0.166542	0.858937	-0.332271	-0.940866	-0.0660818	-0.0203884	0.077211	-0.996806	0.942964	-0.329862	-0.0448377	
0.294556	-0.166542	0.858937	-0.332271	-0.940866	-0.0660818	-0.0203884	0.077211	-0.996806	0.942964	-0.329862	-0.0448377	
0.294556	-0.166542	0.858937	-0.332271	-0.940866	-0.0660818	-0.0203884	0.077211	-0.996806	0.942964	-0.329862	-0.0448377	
0.294556	-0.166542	0.858937	-0.332271	-0.940866	-0.0660818	-0.0203884	0.077211	-0.996806	0.942964	-0.329862	-0.0448377	
0.294556	-0.166542	0.858937	-0.332271	-0.940866	-0.0660818	-0.0203884	0.077211	-0.996806	0.942964	-0.329862	-0.0448377	
0.294556	-0.166542	0.858937	-0.332271	-0.940866	-0.0660818	-0.0203884	0.077211	-0.996806	0.942964	-0.329862	-0.0448377	
0.294556	-0.166542	0.858937	-0.332271	-0.940866	-0.0660818	-0.0203884	0.077211	-0.996806	0.942964	-0.329862	-0.0448377	
0.294556	-0.166542	0.858937	-0.332271	-0.940866	-0.0660818	-0.0203884	0.077211	-0.996806	0.942964	-0.329862	-0.0448377	
0.294556	-0.166542	0.858937	-0.332271	-0.940866	-0.0660818	-0.0203884	0.077211	-0.996806	0.942964	-0.329862	-0.0448377	
0.294556	-0.166542	0.858937	-0.332271	-0.940866	-0.0660818	-0.0203884	0.077211	-0.996806	0.942964	-0.329862	-0.0448377	
0.294556	-0.166542	0.858937	-0.332271	-0.940866	-0.0660818	-0.0203884	0.077211	-0.996806	0.942964	-0.329862	-0.0448377	
0.294556	-0.166542	0.858937	-0.332271	-0.940866	-0.0660818	-0.0203884	0.077211	-0.996806	0.942964	-0.329862	-0.0448377	
0.294556	-0.166542	0.858937	-0.332271	-0.940866	-0.0660818	-0.0203884	0.077211	-0.996806	0.942964	-0.329862	-0.0448377	
0.294556	-0.166542	0.858937	-0.332271	-0.940866	-0.0660818	-0.0203884	0.077211	-0.996806	0.942964	-0.329862	-0.0448377	
0.294556	-0.166542	0.858937	-0.332271	-0.940866	-0.0660818	-0.0203884	0.077211	-0.996806	0.942964	-0.329862	-0.0448377	
0.294556	-0.166542	0.858937	-0.332271	-0.940866	-0.0660818	-0.0203884	0.077211	-0.996806	0.942964	-0.329862	-0.0448377	
0.294556	-0.166542	0.858937	-0.332271	-0.940866	-0.0660818	-0.0203884	0.077211	-0.996806	0.942964	-0.329862	-0.0448377	
0.294556	-0.166542	0.858937	-0.332271	-0.940866	-0.0660818	-0.0203884	0.077211	-0.996806	0.942964	-0.329862	-0.0448377	
0.294556	-0.166542	0.858937	-0.332271	-0.940866	-0.0660818	-0.0203884	0.077211	-0.996806	0.942964	-0.329862	-0.0448377	
0.294556	-0.166542	0.858937	-0.332271	-0.940866	-0.0660818	-0.0203884	0.077211	-0.996806	0.942964	-0.329862	-0.0448377	
0.294556	-0.166542	0.858937	-0.332271	-0.940866	-0.0660818	-0.0203884	0.077211	-0.996806	0.942964	-0.329862	-0.0448377	
0.294556	-0.166542	0.858937	-0.332271	-0.940866	-0.0660818	-0.0203884	0.077211	-0.996806	0.942964	-0.329862	-0.0448377	
0.294556	-0.166542	0.858937	-0.332271	-0.940866	-0.0660818	-0.0203884	0.077211	-0.996806	0.942964	-0.329862	-0.0448377	
0.294556	-0.166542	0.858937	-0.332271	-0.940866	-0.0660818	-0.0203884	0.077211	-0.996806	0.942964	-0.329862	-0.0448377	
0.294556	-0.166542	0.858937	-0.332271	-0.940866	-0.0660818	-0.0203884	0.077211	-0.996806	0.942964	-0.329862	-0.0448377	
0.294556	-0.166542	0.858937	-0.332271	-0.940866	-0.0660818	-0.0203884	0.077211	-0.996806	0.942964	-0.329862	-0.0448377	
0.294556	-0.166542	0.858937	-0.332271	-0.940866	-0.0660818	-0.0203884	0.077211	-0.996806	0.942964	-0.329862	-0.0448377	
0.294556	-0.166542	0.858937	-0.332271	-0.940866	-0.0660818	-0.0203884	0.077211	-0.996806	0.942964	-0.329862	-0.0448377	
0.294556	-0.166542	0.858937	-0.332271	-0.940866	-0.0660818	-0.0203884	0.077211	-0.996806	0.942964	-0.329862	-0.0448377	
0.294556	-0.166542	0.858937	-0.332271	-0.940866	-0.0660818	-0.0203884	0.077211	-0.996806	0.942964	-0.329862	-0.0448377	
0.294556	-0.166542	0.858937	-0.332271	-0.940866	-0.0660818	-0.0203884	0.077211	-0.996806	0.942964	-0.329862	-0.0448377	
0.294556	-0.166542	0.858937	-0.332271	-0.940866	-0.0660818	-0.0203884	0.077211	-0.996806	0.942964	-0.329862	-0.0448377	
0.294556	-0.166542	0.858937	-0.332271	-0.940866	-0.0660818	-0.0203884	0.077211	-0.996806	0.942964	-0.329862	-0.0448377	
0.294556	-0.166542	0.858937	-0.332271	-0.940866	-0.0660818	-0.0203884	0.077211	-0.996806	0.942964	-0.329862	-0.0448377	
0.294556	-0.166542	0.858937	-0.332271	-0.940866	-0.0660818	-0.0203884	0.077211	-0.996806	0.942964	-0.329862	-0.0448377	
0.294556	-0.166542	0.858937	-0.332271	-0.940866	-0.0660818	-0.0203884	0.077211	-0.996806	0.942964	-0.329862	-0.0448377	
0.294556	-0.166542	0.858937	-0.332271	-0.940866	-0.0660818	-0.0203884	0.077211	-0.996806	0.942964	-0.329862	-0.0448377	
0.294556	-0.166542	0.858937	-0.332271	-0.940866	-0.0660818	-0.0203884	0.077211	-0.996806	0.942964	-0.329862	-0.0448377	
0.294556	-0.166542	0.858937	-0.332271	-0.940866	-0.0660818	-0.0203884	0.077211	-0.996806	0.942964	-0.329862	-0.0448377	
0.294556	-0.166542	0.858937	-0.332271	-0.940866	-0.0660818	-0.0203884	0.077211	-0.996806	0.942964	-0.329862	-0.0448377	
0.294556	-0.166542	0.858937	-0.332271	-0.940866	-0.0660818	-0.0203884	0.077211	-0.996806	0.942964	-0.329862	-0.0448377	
0.294556	-0.166542	0.858937	-0.332271	-0.940866	-0.0660818	-0.0203884	0.077211	-0.996806	0.942964	-0.329862	-0.0448377	
0.294556	-0.166542	0.858937	-0.332271	-0.940866	-0.0660818	-0.0203884	0.077211	-0.996806	0.942964	-0.329862	-0.0448377	
0.294556	-0.166542	0.858937	-0.332271	-0.940866	-0.0660818	-0.0203884	0.077211	-0.996806	0.942964	-0.329862	-0.0448377	
0.294556	-0.166542	0.858937	-0.332271	-0.940866	-0.0660818	-0.0203884	0.077211	-0.996806	0.942964	-0.329862	-0.0448377	
0.294556	-0.166542	0.858937	-0.332271	-0.940866	-0.0660818	-0.0203884	0.077211	-0.996806	0.942964	-0.329862	-0.0448377	
0.294556	-0.166542	0.858937	-0.332271	-0.940866	-0.0660818	-0.0203884	0.077211	-0.996806	0.942964	-0.329862	-0.0448377	
0.294556	-0.166542	0.858937	-0.332271	-0.940866	-0.0660818	-0.0203884	0.077211	-0.996806	0.942964	-0.329862	-0.0448377	
0.294556	-0.166542	0.858937	-0.332271	-0.940866	-0.0660818	-0.0203884	0.077211	-0.996806	0.942964	-0.329862	-0.0448377	
0.294556	-0.166542	0.858937	-0.332271	-0.940866	-0.0660818	-0.0203884	0.077211	-0.996806	0.942964	-0.329862	-0.0448377	
0.294556	-0.166542	0.858937	-0.332271	-0.940866	-0.0660818	-0.0203884	0.077211	-0.996806	0.942964	-0.329862	-0.0448377	
0.294556	-0.166542	0.858937	-0.332271	-0.940866	-0.0660818	-0.0203884	0.077211	-0.996806	0.942964	-0.329862	-0.0448377	
0.294556	-0.166542	0.858937	-0.332271	-0.940866	-0.0660818	-0.0203884	0.077211	-0.996806	0.942964	-0.329862	-0.0448377	
0.294556	-0.166542	0.858937	-0.332271	-0.940866	-0.0660818	-0.0203884	0.077211	-0.996806	0.942964	-0.329862	-0.0448377	
0.294556	-0.166542	0.858937	-0.332271	-0.940866	-0.0660818	-0.0203884	0.077211	-0.996806	0.942964	-0.329862	-0.0448377	
0.294556	-0.166542	0.858937	-0.332271	-0.940866	-0.0660818	-0.0203884	0.077211	-0.996806	0.942964	-0.329862	-0.0448377	
0.294556	-0.166542	0.858937	-0.332271	-0.940866	-0.0660818	-0.0203884	0.077211	-0.996806	0.942964	-0.329862	-0.0448377	
0.294556	-0.166542	0.858937	-0.332271	-0.940866	-0.0660818	-0.0203884	0.077211	-0.996806	0.942964	-0.329862	-0.0448377	
0.294556	-0.166542	0.858937	-0.332271	-0.940866	-0.0660818	-0.0203884	0.077211	-0.996806	0.942964	-0.329862	-0.0448377	
0.294556	-0.166542	0.858937	-0.332271	-0.940866	-0.0660818	-0.0203884	0.077211	-0.996806	0.942964	-0.329862	-0.0448377	
0.294556	-0.166542	0.858937	-0.332271	-0.940866	-0.0660818	-0.0203884	0.077211	-0.996806	0.942964	-0.329862	-0.0448377	
0.294556	-0.166542	0.858937	-0.332271	-0.940866	-0.0660818	-0.0203884	0.077211	-0.996806	0.942964	-0.329862	-0.0448377	
0.294556	-0.166542	0.858937	-0.332271	-0.940866	-0.0660818	-0.0203884	0.077211	-0.996806	0.942964	-0.329862	-0.0448377	
0.294556	-0.166542	0.858937	-0.332271	-0.940866	-0.0660818	-0.0203884	0.077211	-0.996806	0.942964	-0.329862	-0.0448377	
0.294556	-0.166542	0.858937	-0.332271	-0.940866	-0.0660818	-0.0203884	0.077211	-0.996806	0.942964	-0.329862	-0.0448377	
0.294556	-0.166542	0.858937	-0.332271	-0.940866	-0.0660818	-0.0203884	0.077211	-0.996806	0.942964	-0.329862	-0.0448377	
0.294556	-0.166542	0.858937	-0.332271	-0.940866	-0.0660818	-0.0203884	0.077211	-0.996806	0.942964	-0.329862	-0.0448377	
0.294556	-0.166542	0.858937	-0.332271	-0.940866	-0.0660818	-0.0203884	0.077211	-0.996806	0.942964	-0.329862	-0.0448377	
0.294556	-0.166542	0.858937	-0.332271	-0.940866	-0.0660818	-0.0203884	0.077211	-0.996806	0.942964	-0.329862	-0.0448377	
0.294556	-0.166542	0.858937	-0.332271	-0.940866	-0.0660818	-0.0203884	0.077211	-0.996806	0.942964	-0.329862	-0.0448377	
0.294556	-0.166542	0.858937	-0.332271	-0.940866	-0.0660818	-0.0203884	0.077211	-0.996806	0.942964	-0.329862	-0.0448377	
0.294556	-0.166542	0.858937	-0.332271	-0.940866	-0.0660818	-0.0203884	0.077211	-0.996806	0.942964	-0.329862	-0.0448377	
0.294556	-0.166542	0.858937	-0.332271	-0.940866	-0.0660818	-0.0203884	0.077211	-0.996806	0.942964	-0.329862	-0.0448377	
0.294556	-0.166542	0.858937	-0.332271	-0.940866	-0.0660818	-0.0203884	0.077211	-0.996806	0.942964	-0.329862	-0.0448377	
0.294556	-0.166542	0.858937	-0.332271	-0.940866	-0.0660818	-0.0203884	0.077211	-0.996806	0.942964	-0.329862	-0.0448377	
0.294556	-0.166542	0.858937	-0.332271	-0.940866	-0.0660818	-0.0203884	0.077211	-0.996806	0.942964	-0.329862	-0.0448377	
0.294556	-0.166542	0.858937	-0.332271	-0.940866	-0.0660818	-0.0203884	0.077211	-0.996806	0.942964	-0.329862	-0.0448377	
0.294556	-0.166542	0.858937	-0.332271	-0.940866	-0.0660818	-0.0203884	0.077211	-0.996806	0.942964	-0.329862	-0.0448377	
0.294556	-0.166542	0.858937	-0.332271	-0.940866	-0.0660818	-0.0203884	0.077211	-0.996806	0.942964	-0.329862	-0.0448377	
0.294556	-0.166542	0.858937	-0.332271	-0.940866	-0.0660818	-0.0203884	0.077211	-0.996806	0.942964	-0.329862	-0.0448377	
0.294556	-0.166542	0.858937	-0.332271	-0.940866	-0.0660818	-0.0203884	0.077211	-0.996806	0.942964	-0.329862	-0.0448377	
0.294556	-0.166542	0.858937	-0.332271	-0.940866	-0.0660818	-0.0203884	0.077211	-0.996806	0.942964	-0.329862	-0.0448377	
0.294556	-0.166542	0.858937	-0.332271	-0.940866	-0.0660818	-0.0203884	0.077211	-0.996806	0.942964	-0.329862	-0.0448377	
0.294556	-0.166542	0.858937	-0.332271	-0.940866	-0.0660818	-0.0203884	0.077211	-0.996806	0.942964	-0.329862	-0.0448377	
0.294556	-0.166542	0.858937	-0.332271	-0.940866	-0.0660818	-0.0203884	0.077211	-0.996806	0.942964	-0.329862	-0.0448377	
0.294556	-0.166542	0.858937	-0.332271	-0.940866	-0.0660818	-0.0203884	0.077211	-0.996806	0.942964	-0.329862	-0.0448377	
0.294556	-0.166542	0.858937	-0.332271	-0.940866	-0.0660818	-0.0203884	0.077211	-0.996806	0.942964	-0.329862	-0.0448377	
0.294556	-0.166542	0.858937	-0.332271	-0.940866	-0.0660818	-0.0203884	0.077211	-0.996806	0.942964	-0.329862	-0.0448377	
0.294556	-0.166542	0.858937	-0.332271	-0.940866	-0.0660818	-0.0203884	0.077211	-0.996806	0.942964	-0.329862	-0.0448377	
0.294556	-0.166542	0.858937	-0.332271	-0.940866	-0.0660818	-0.0203884	0.077211	-0.996806	0.942964	-0.329862	-0.0448377	
0.294556	-0.166542	0.858937	-0.332271	-0.940866	-0.0660818	-0.0203884	0.077211	-0.996806	0.942964	-0.329862	-0.0448377	
0.294556	-0.166542	0.858937	-0.332271	-0.940866	-0.0660818	-0.0203884	0.077211	-0.996806	0.942964	-0.329862	-0.0448377	
0.294556	-0.166542	0.858937	-0.332271	-0.940866	-0.0660818	-0.0203884	0.077211	-0.996806	0.942964	-0.329862	-0.0448377	
0.294556	-0.166542	0.858937	-0.332271	-0.940866	-0.0660818	-0.0203884	0.077211	-0.996806	0.942964	-0.329862	-0.0448377	
0.294556	-0.166542	0.858937	-0.332271	-0.940866	-0.0660818	-0.0203884	0.077211	-0.996806	0.942964	-0.329862	-0.0448377	
0.294556	-0.166542	0.858937	-0.332271	-0.940866	-0.0660818	-0.0203884	0.077211	-0.996806	0.942964	-0.329862	-0.0448377	
0.294556	-0.166542	0.858937	-0.332271	-0.940866	-0.0660818	-0.0203884	0.077211	-0.996806	0.942964	-0.329862	-0.0448377	
0.294866	-0.164899	0.8596	-0.329054	-0.942038	-0.0654875	-0.0193416	0.0760585	-0.996916	0.944113	-0.326772	-0.0432479	
0.295155	-0.163343	0.860224	-0.326006	-0.943136	-0.0649223	-0.0183535	0.0749753	-0.997016	0.94519	-0.323842	-0.0417522	
0.295438	-0.161777	0.860851	-0.32294	-0.944229	-0.064352	-0.0173518	0.0738909	-0.997115	0.94626	-0.320892	-0.0402464	
0.295714	-0.160208	0.861479	-0.319866	-0.945314	-0.0637784	-0.0163413	0.0728093	-0.997212	0.947322	-0.317932	-0.0387369	
0.295983	-0.158633	0.862108	-0.316784	-0.94639	-0.0632015	-0.0153216	0.0717304	-0.997306	0.948374	-0.314963	-0.0372233	
0.296245	-0.157054	0.862739	-0.313694	-0.947457	-0.0626212	-0.0142929	0.0706543	-0.997398	0.949417	-0.311983	-0.0357057	
0.2965	-0.155471	0.86337	-0.310596	-0.948516	-0.0620376	-0.0132551	0.0695811	-0.997488	0.95045	-0.308993	-0.0341842	
0.296748	-0.153883	0.864003	-0.307489	-0.949565	-0.0614507	-0.0122082	0.068511	-0.997576	0.951473	-0.305994	-0.0326589	
0.296989	-0.152292	0.864636	-0.304375	-0.950606	-0.0608604	-0.0111524	0.0674438	-0.997661	0.952487	-0.302984	-0.0311297	
0.297222	-0.150695	0.86527	-0.301253	-0.951638	-0.0602667	-0.0100875	0.0663799	-0.997743	0.953491	-0.299965	-0.0295968	
0.297449	-0.149095	0.865905	-0.298123	-0.952661	-0.0596697	-0.00901367	0.0653192	-0.997824	0.954485	-0.296936	-0.0280601	
0.297668	-0.147491	0.866542	-0.294986	-0.953674	-0.0590693	-0.00793091	0.0642618	-0.997902	0.955469	-0.293898	-0.0265198	
0.29788	-0.145882	0.867179	-0.291841	-0.954678	-0.0584656	-0.00683924	0.0632079	-0.997977	0.956443	-0.29085	-0.0249759	
0.298085	-0.14427	0.867817	-0.288688	-0.955673	-0.0578584	-0.00573871	0.0621575	-0.99805	0.957406	-0.287793	-0.0234285	
0.298282	-0.142653	0.868455	-0.285528	-0.956659	-0.0572479	-0.00462933	0.0611107	-0.99812	0.958359	-0.284727	-0.0218775	
0.298472	-0.141033	0.869095	-0.282362	-0.957635	-0.0566341	-0.00351116	0.0600676	-0.998188	0.959302	-0.281651	-0.0203232	
0.298655	-0.139408	0.869735	-0.279187	-0.958601	-0.0560168	-0.00238421	0.0590283	-0.998253	0.960234	-0.278566	-0.0187655	
0.298829	-0.13778	0.870376	-0.276006	-0.959558	-0.0553962	-0.00124854	0.0579929	-0.998316	0.961155	-0.275472	-0.0172044	
0.298997	-0.136149	0.871018	-0.272818	-0.960505	-0.0547722	-0.000104186	0.0569614	-0.998376	0.962066	-0.27237	-0.0156402	
0.299156	-0.134513	0.87166	-0.269624	-0.961442	-0.0541448	0.00104882	0.0559339	-0.998434	0.962965	-0.269258	-0.0140727	
0.299308	-0.132874	0.872303	-0.266422	-0.96237	-0.0535141	0.00221042	0.0549106	-0.998489	0.963854	-0.266138	-0.0125022	
0.299453	-0.131232	0.872947	-0.263214	-0.963287	-0.05288	0.00338059	0.0538915	-0.998541	0.964732	-0.263009	-0.0109285	
0.299589	-0.129586	0.873591	-0.26	-0.964194	-0.0522425	0.00455926	0.0528767	-0.998591	0.965598	-0.259871	-0.00935192	
0.299718	-0.127937	0.874235	-0.256779	-0.965092	-0.0516016	0.0057464	0.0518663	-0.998638	0.966453	-0.256726	-0.00777237	
0.299839	-0.126284	0.874881	-0.253552	-0.965979	-0.0509574	0.00694196	0.0508604	-0.998682	0.967297	-0.253571	-0.00618997	
0.299953	-0.124628	0.875526	-0.250319	-0.966855	-0.0503098	0.00814588	0.0498591	-0.998723	0.968129	-0.250409	-0.00460477	
0.300058	-0.122969	0.876172	-0.24708	-0.967722	-0.0496589	0.00935811	0.0488624	-0.998762	0.96895	-0.247238	-0.00301684	
0.300155	-0.121307	0.876819	-0.243834	-0.968578	-0.0490046	0.0105786	0.0478704	-0.998798	0.969759	-0.24406	-0.00142625	
0.300245	-0.119641	0.877466	-0.240584	-0.969424	-0.0483469	0.0118073	0.0468833	-0.998831	0.970557	-0.240873	0.000166931	
0.300326	-0.117973	0.878113	-0.237327	-0.970259	-0.0476859	0.0130442	0.045901	-0.998861	0.971342	-0.237679	0.00176264	
0.3004	-0.116302	0.87876	-0.234065	-0.971083	-0.0470216	0.0142891	0.0449238	-0.998888	0.972116	-0.234477	0.00336079	
0.300465	-0.114628	0.879408	-0.230798	-0.971897	-0.0463539	0.0155421	0.0439516	-0.998913	0.972878	-0.231268	0.00496133	
0.300523	-0.112951	0.880056	-0.227525	-0.9727	-0.0456828	0.016803	0.0429845	-0.998934	0.973627	-0.228051	0.00656419	
0.300572	-0.111271	0.880705	-0.224248	-0.973492	-0.0450085	0.0180718	0.0420227	-0.998953	0.974365	-0.224826	0.00816928	
0.300613	-0.109589	0.881353	-0.220965	-0.974274	-0.0443308	0.0193485	0.0410662	-0.998969	0.97509	-0.221595	0.00977654	
0.300646	-0.107904	0.882002	-0.217677	-0.975044	-0.0436498	0.020633	0.0401151	-0.998982	0.975803	-0.218356	0.0113859	
0.300671	-0.106217	0.88265	-0.214385	-0.975804	-0.0429655	0.0219251	0.0391695	-0.998992	0.976503	-0.215111	0.0129973	
0.300687	-0.104527	0.883299	-0.211088	-0.976552	-0.0422779	0.023225	0.0382294	-0.998999	0.977191	-0.211859	0.0146106	
0.300696	-0.102836	0.883948	-0.207787	-0.97729	-0.041587	0.0245324	0.037295	-0.999003	0.977866	-0.2086	0.0162258	
0.300696	-0.101141	0.884597	-0.204481	-0.978016	-0.0408928	0.0258473	0.0363663	-0.999004	0.978529	-0.205334	0.0178428	
0.300687	-0.0994449	0.885245	-0.201171	-0.978731	-0.0401953	0.0271696	0.0354433	-0.999002	0.979179	-0.202062	0.0194616	
0.300671	-0.0977464	0.885894	-0.197857	-0.979435	-0.0394946	0.0284993	0.0345263	-0.998997	0.979817	-0.198784	0.0210819	
0.300646	-0.0960459	0.886543	-0.194539	-0.980128	-0.0387906	0.0298362	0.0336151	-0.998989	0.980441	-0.195499	0.0227039	
0.300613	-0.0943434	0.887191	-0.191217	-0.980809	-0.0380834	0.0311804	0.03271	-0.998978	0.981052	-0.192209	0.0243273	
0.300571	-0.0926391	0.887839	-0.187891	-0.981479	-0.0373729	0.0325317	0.0318109	-0.998964	0.981651	-0.188912	0.0259522	
0.300521	-0.090933	0.888487	-0.184562	-0.982137	-0.0366592	0.0338901	0.0309181	-0.998947	0.982236	-0.18561	0.0275784	
0.300463	-0.0892251	0.889135	-0.181229	-0.982784	-0.0359423	0.0352554	0.0300314	-0.998927	0.982809	-0.182302	0.0292059	
0.300396	-0.0875156	0.889783	-0.177893	-0.983419	-0.0352221	0.0366276	0.029151	-0.998904	0.983368	-0.178989	0.0308345	
0.300321	-0.0858046	0.89043	-0.174554	-0.984043	-0.0344988	0.0380067	0.0282771	-0.998877	0.983914	-0.17567	0.0324643	
0.300237	-0.0840921	0.891077	-0.171213	-0.984655	-0.0337723	0.0393924	0.0274095	-0.998848	0.984446	-0.172346	0.0340951	
0.300145	-0.0823782	0.891723	-0.167868	-0.985256	-0.0330427	0.0407848	0.0265485	-0.998815	0.984966	-0.169016	0.0357268	
0.300045	-0.080663	0.892369	-0.16452	-0.985844	-0.0323098	0.0421838	0.025694	-0.998779	0.985471	-0.165682	0.0373594	
0.299935	-0.0789466	0.893015	-0.16117	-0.986421	-0.0315739	0.0435892	0.0248462	-0.998741	0.985964	-0.162343	0.0389928	
0.299818	-0.077229	0.89366	-0.157817	-0.986987	-0.0308348	0.045001	0.0240051	-0.998698	0.986442	-0.159	0.040627	
0.299692	-0.0755103	0.894304	-0.154463	-0.98754	-0.0300926	0.0464191	0.0231708	-0.998653	0.986908	-0.155651	0.0422617	
0.299557	-0.0737907	0.894948	-0.151106	-0.988082	-0.0293473	0.0478434	0.0223433	-0.998605	0.987359	-0.152299	0.043897	
0.299414	-0.0720702	0.895591	-0.147747	-0.988612	-0.028599	0.0492738	0.0215227	-0.998553	0.987797	-0.148942	0.0455327	
0.299263	-0.0703488	0.896234	-0.144386	-0.98913	-0.0278476	0.0507102	0.020709	-0.998499	0.988221	-0.145581	0.0471689	
0.299103	-0.0686267	0.896876	-0.141023	-0.989635	-0.0270931	0.0521526	0.0199024	-0.998441	0.988632	-0.142216	0.0488053	
0.298934	-0.066904	0.897517	-0.137659	-0.990129	-0.0263356	0.0536008	0.0191028	-0.99838	0.989028	-0.138848	0.050442	
0.298757	-0.0651807	0.898158	-0.134294	-0.990611	-0.0255751	0.0550547	0.0183104	-0.998315	0.989411	-0.135475	0.0520788	
0.298571	-0.0634568	0.898798	-0.130927	-0.991082	-0.0248116	0.0565142	0.0175252	-0.998248	0.98978	-0.1321	0.0537157	
0.298377	-0.0617326	0.899436	-0.127559	-0.991539	-0.0240451	0.0579793	0.0167472	-0.998177	0.990135	-0.12872	0.0553526	
0.298175	-0.0600081	0.900075	-0.12419	-0.991985	-0.0232757	0.0594499	0.0159765	-0.998103	0.990476	-0.125338	0.0569893	
0.297964	-0.0582833	0.900712	-0.12082	-0.992419	-0.0225033	0.0609258	0.0152131	-0.998026	0.990803	-0.121953	0.0586259	
0.297744	-0.0565584	0.901348	-0.11745	-0.992841	-0.021728	0.062407	0.0144572	-0.997946	0.991116	-0.118564	0.0602622	
0.297516	-0.0548334	0.901983	-0.114079	-0.993251	-0.0209498	0.0638933	0.0137087	-0.997863	0.991415	-0.115173	0.0618982	
0.297279	-0.0531084	0.902618	-0.110707	-0.993648	-0.0201687	0.0653846	0.0129677	-0.997776	0.9917	-0.11178	0.0635337	
0.297034	-0.0513835	0.903251	-0.107335	-0.994034	-0.0193848	0.066881	0.0122342	-0.997686	0.991971	-0.108384	0.0651688	
0.296781	-0.0496588	0.903883	-0.103964	-0.994407	-0.018598	0.0683821	0.0115083	-0.997593	0.992228	-0.104985	0.0668032	
0.296519	-0.0479343	0.904514	-0.100592	-0.994768	-0.0178084	0.069888	0.0107901	-0.997496	0.99247	-0.101585	0.068437	
0.296249	-0.0462102	0.905144	-0.0972202	-0.995117	-0.017016	0.0713986	0.0100795	-0.997397	0.992699	-0.0981821	0.07007	
0.29597	-0.0444865	0.905773	-0.093849	-0.995454	-0.0162208	0.0729136	0.00937669	-0.997294	0.992913	-0.0947777	0.0717022	
0.295683	-0.0427634	0.9064	-0.0904782	-0.995779	-0.0154229	0.0744332	0.00868161	-0.997188	0.993113	-0.0913717	0.0733335	
0.295387	-0.0410408	0.907027	-0.087108	-0.996092	-0.0146223	0.075957	0.00799434	-0.997079	0.993299	-0.0879642	0.0749638	
0.295083	-0.0393189	0.907652	-0.0837386	-0.996392	-0.0138189	0.0774851	0.0073149	-0.996967	0.993471	-0.0845553	0.076593	
0.294771	-0.0375977	0.908275	-0.0803701	-0.99668	-0.0130129	0.0790173	0.00664334	-0.996851	0.993628	-0.0811452	0.078221	
0.29445	-0.0358774	0.908898	-0.0770026	-0.996956	-0.0122042	0.0805535	0.00597969	-0.996732	0.993771	-0.0777341	0.0798479	
0.294121	-0.0341581	0.909519	-0.0736363	-0.99722	-0.0113929	0.0820936	0.00532398	-0.99661	0.993901	-0.074322	0.0814734	
0.293784	-0.0324397	0.910138	-0.0702714	-0.997472	-0.0105789	0.0836375	0.00467625	-0.996485	0.994015	-0.0709092	0.0830975	
0.293438	-0.0307224	0.910757	-0.066908	-0.997711	-0.00976243	0.0851852	0.00403653	-0.996357	0.994116	-0.0674959	0.0847201	
0.293084	-0.0290063	0.911373	-0.0635462	-0.997939	-0.00894335	0.0867363	0.00340485	-0.996225	0.994203	-0.0640821	0.0863412	
0.292722	-0.0272915	0.911988	-0.0601862	-0.998154	-0.00812174	0.088291	0.00278123	-0.996091	0.994275	-0.060668	0.0879607	
0.292352	-0.025578	0.912602	-0.0568281	-0.998357	-0.00729763	0.0898491	0.0021657	-0.995953	0.994333	-0.0572538	0.0895784	
0.291973	-0.0238659	0.913214	-0.053472	-0.998548	-0.00647103	0.0914104	0.00155829	-0.995812	0.994377	-0.0538396	0.0911944	
0.291587	-0.0221553	0.913825	-0.0501182	-0.998727	-0.00564197	0.0929748	0.000959023	-0.995668	0.994406	-0.0504256	0.0928085	
0.291192	-0.0204462	0.914434	-0.0467667	-0.998894	-0.00481049	0.0945424	0.00036792	-0.995521	0.994422	-0.047012	0.0944206	
0.290789	-0.0187389	0.915041	-0.0434177	-0.999049	-0.00397661	0.0961128	-0.000214997	-0.99537	0.994423	-0.0435989	0.0960307	
0.290379	-0.0170332	0.915646	-0.0400713	-0.999192	-0.00314036	0.0976861	-0.000789708	-0.995217	0.99441	-0.0401864	0.0976388	
0.28996	-0.0153294	0.91625	-0.0367277	-0.999323	-0.00230176	0.0992621	-0.0013562	-0.99506	0.994383	-0.0367747	0.0992447	
0.289533	-0.0136274	0.916852	-0.0333869	-0.999441	-0.00146084	0.100841	-0.00191444	-0.994901	0.994342	-0.033364	0.100848	
0.289098	-0.0119275	0.917452	-0.0300493	-0.999548	-0.000617632	0.102422	-0.00246443	-0.994738	0.994287	-0.0299544	0.10245	
0.288655	-0.0102295	0.918051	-0.0267148	-0.999643	0.000227837	0.104005	-0.00300615	-0.994572	0.994218	-0.0265461	0.104048	
0.288205	-0.00853372	0.918647	-0.0233836	-0.999726	0.00107554	0.105591	-0.00353959	-0.994403	0.994135	-0.0231391	0.105645	
0.287746	-0.00684012	0.919242	-0.0200558	-0.999797	0.00192544	0.107179	-0.00406473	-0.994231	0.994037	-0.0197338	0.107239	
0.28728	-0.00514879	0.919835	-0.0167317	-0.999856	0.00277752	0.108769	-0.00458156	-0.994056	0.993926	-0.0163302	0.10883	
0.286806	-0.00345981	0.920426	-0.0134113	-0.999903	0.00363174	0.110361	-0.00509008	-0.993879	0.993801	-0.0129284	0.110419	
0.286324	-0.00177325	0.921015	-0.0100947	-0.999939	0.00448807	0.111955	-0.00559028	-0.993698	0.993662	-0.00952863	0.112005	
0.285835	-8.91989e-05	0.921601	-0.00678213	-0.999963	0.00534649	0.113551	-0.00608215	-0.993514	0.993509	-0.00613105	0.113588	
0.285338	0.00159228	0.922186	-0.00347367	-0.999975	0.00620696	0.115148	-0.00656569	-0.993327	0.993342	-0.00273578	0.115168	
0.285358	0.00153129	0.922162	-0.00359364	-0.999974	0.00617575	0.115083	-0.00654831	-0.993334	0.993349	-0.00285897	0.115103	
0.285357	0.00153358	0.922163	-0.00358915	-0.999974	0.00617691	0.115085	-0.00654896	-0.993334	0.993349	-0.00285435	0.115106	
0.285357	0.00153349	0.922163	-0.00358932	-0.999974	0.00617687	0.115085	-0.00654894	-0.993334	0.993349	-0.00285453	0.115106	
0.285357	0.00153349	0.922163	-0.00358931	-0.999974	0.00617687	0.115085	-0.00654894	-0.993334	0.993349	-0.00285452	0.115106	
0.285357	0.00153349	0.922163	-0.00358931	-0.999974	0.00617687	0.115085	-0.00654894	-0.993334	0.993349	-0.00285452	0.115106	
0.285357	0.00153349	0.922163	-0.00358931	-0.999974	0.00617687	0.115085	-0.00654894	-0.993334	0.993349	-0.00285452	0.115106	
0.285357	0.00153349	0.922163	-0.00358931	-0.999974	0.00617687	0.115085	-0.00654894	-0.993334	0.993349	-0.00285452	0.115106	
0.285357	0.00153349	0.922163	-0.00358931	-0.999974	0.00617687	0.115085	-0.00654894	-0.993334	0.993349	-0.00285452	0.115106	
0.285357	0.00153349	0.922163	-0.00358931	-0.999974	0.00617687	0.115085	-0.00654894	-0.993334	0.993349	-0.00285452	0.115106	
0.285357	0.00153349	0.922163	-0.00358931	-0.999974	0.00617687	0.115085	-0.00654894	-0.993334	0.993349	-0.00285452	0.115106	
0.285357	0.00153349	0.922163	-0.00358931	-0.999974	0.00617687	0.115085	-0.00654894	-0.993334	0.993349	-0.00285452	0.115106	
0.285357	0.00153349	0.922163	-0.00358931	-0.999974	0.00617687	0.115085	-0.00654894	-0.993334	0.993349	-0.00285452	0.115106	
0.285357	0.00153349	0.922163	-0.00358931	-0.999974	0.00617687	0.115085	-0.00654894	-0.993334	0.993349	-0.00285452	0.115106	
0.285357	0.00153349	0.922163	-0.00358931	-0.999974	0.00617687	0.115085	-0.00654894	-0.993334	0.993349	-0.00285452	0.115106	
0.285357	0.00153349	0.922163	-0.00358931	-0.999974	0.00617687	0.115085	-0.00654894	-0.993334	0.993349	-0.00285452	0.115106	
0.285357	0.00153349	0.922163	-0.00358931	-0.999974	0.00617687	0.115085	-0.00654894	-0.993334	0.993349	-0.00285452	0.115106	
0.285357	0.00153349	0.922163	-0.00358931	-0.999974	0.00617687	0.115085	-0.00654894	-0.993334	0.993349	-0.00285452	0.115106	
0.285357	0.00153349	0.922163	-0.00358931	-0.999974	0.00617687	0.115085	-0.00654894	-0.993334	0.993349	-0.00285452	0.115106	
0.285357	0.00153349	0.922163	-0.00358931	-0.999974	0.00617687	0.115085	-0.00654894	-0.993334	0.993349	-0.00285452	0.115106	
0.285357	0.00153349	0.922163	-0.00358931	-0.999974	0.00617687	0.115085	-0.00654894	-0.993334	0.993349	-0.00285452	0.115106	
0.285357	0.00153349	0.922163	-0.00358931	-0.999974	0.00617687	0.115085	-0.00654894	-0.993334	0.993349	-0.00285452	0.115106	
0.285357	0.00153349	0.922163	-0.00358931	-0.999974	0.00617687	0.115085	-0.00654894	-0.993334	0.993349	-0.00285452	0.115106	
0.285357	0.00153349	0.922163	-0.00358931	-0.999974	0.00617687	0.115085	-0.00654894	-0.993334	0.993349	-0.00285452	0.115106	
0.285357	0.00153349	0.922163	-0.00358931	-0.999974	0.00617687	0.115085	-0.00654894	-0.993334	0.993349	-0.00285452	0.115106	
0.285357	0.00153349	0.922163	-0.00358931	-0.999974	0.00617687	0.115085	-0.00654894	-0.993334	0.993349	-0.00285452	0.115106	
0.285357	0.00153349	0.922163	-0.00358931	-0.999974	0.00617687	0.115085	-0.00654894	-0.993334	0.993349	-0.00285452	0.115106	
0.285357	0.00153349	0.922163	-0.00358931	-0.999974	0.00617687	0.115085	-0.00654894	-0.993334	0.993349	-0.00285452	0.115106	
0.285357	0.00153349	0.922163	-0.00358931	-0.999974	0.00617687	0.115085	-0.00654894	-0.993334	0.993349	-0.00285452	0.115106	
0.285357	0.00153349	0.922163	-0.00358931	-0.999974	0.00617687	0.115085	-0.00654894	-0.993334	0.993349	-0.00285452	0.115106	
0.285357	0.00153349	0.922163	-0.00358931	-0.999974	0.00617687	0.115085	-0.00654894	-0.993334	0.993349	-0.00285452	0.115106	
0.285357	0.00153349	0.922163	-0.00358931	-0.999974	0.00617687	0.115085	-0.00654894	-0.993334	0.993349	-0.00285452	0.115106	
0.285357	0.00153349	0.922163	-0.00358931	-0.999974	0.00617687	0.115085	-0.00654894	-0.993334	0.993349	-0.00285452	0.115106	
0.285357	0.00153349	0.922163	-0.00358931	-0.999974	0.00617687	0.115085	-0.00654894	-0.993334	0.993349	-0.00285452	0.115106	
0.285357	0.00153349	0.922163	-0.00358931	-0.999974	0.00617687	0.115085	-0.00654894	-0.993334	0.993349	-0.00285452	0.115106	
0.285357	0.00153349	0.922163	-0.00358931	-0.999974	0.00617687	0.115085	-0.00654894	-0.993334	0.993349	-0.00285452	0.115106	
0.285357	0.00153349	0.922163	-0.00358931	-0.999974	0.00617687	0.115085	-0.00654894	-0.993334	0.993349	-0.00285452	0.115106	
0.285357	0.00153349	0.922163	-0.00358931	-0.999974	0.00617687	0.115085	-0.00654894	-0.993334	0.993349	-0.00285452	0.115106	
0.285357	0.00153349	0.922163	-0.00358931	-0.999974	0.00617687	0.115085	-0.00654894	-0.993334	0.993349	-0.00285452	0.115106	
0.285357	0.00153349	0.922163	-0.00358931	-0.999974	0.00617687	0.115085	-0.00654894	-0.993334	0.993349	-0.00285452	0.115106	
0.285357	0.00153349	0.922163	-0.00358931	-0.999974	0.00617687	0.115085	-0.00654894	-0.993334	0.993349	-0.00285452	0.115106	
0.285357	0.00153349	0.922163	-0.00358931	-0.999974	0.00617687	0.115085	-0.00654894	-0.993334	0.993349	-0.00285452	0.115106	
0.285357	0.00153349	0.922163	-0.00358931	-0.999974	0.00617687	0.115085	-0.00654894	-0.993334	0.993349	-0.00285452	0.115106	
0.285357	0.00153349	0.922163	-0.00358931	-0.999974	0.00617687	0.115085	-0.00654894	-0.993334	0.993349	-0.00285452	0.115106	
0.285357	0.00153349	0.922163	-0.00358931	-0.999974	0.00617687	0.115085	-0.00654894	-0.993334	0.993349	-0.00285452	0.115106	
0.285357	0.00153349	0.922163	-0.00358931	-0.999974	0.00617687	0.115085	-0.00654894	-0.993334	0.993349	-0.00285452	0.115106	
0.285357	0.00153349	0.922163	-0.00358931	-0.999974	0.00617687	0.115085	-0.00654894	-0.993334	0.993349	-0.00285452	0.115106	
0.285357	0.00153349	0.922163	-0.00358931	-0.999974	0.00617687	0.115085	-0.00654894	-0.993334	0.993349	-0.00285452	0.115106	
0.285357	0.00153349	0.922163	-0.00358931	-0.999974	0.00617687	0.115085	-0.00654894	-0.993334	0.993349	-0.00285452	0.115106	
0.285357	0.00153349	0.922163	-0.00358931	-0.999974	0.00617687	0.115085	-0.00654894	-0.993334	0.993349	-0.00285452	0.115106	
0.285357	0.00153349	0.922163	-0.00358931	-0.999974	0.00617687	0.115085	-0.00654894	-0.993334	0.993349	-0.00285452	0.115106	
0.285357	0.00153349	0.922163	-0.00358931	-0.999974	0.00617687	0.115085	-0.00654894	-0.993334	0.993349	-0.00285452	0.115106	
0.285357	0.00153349	0.922163	-0.00358931	-0.999974	0.00617687	0.115085	-0.00654894	-0.993334	0.993349	-0.00285452	0.115106	
0.285357	0.00153349	0.922163	-0.00358931	-0.999974	0.00617687	0.115085	-0.00654894	-0.993334	0.993349	-0.00285452	0.115106	
0.285357	0.00153349	0.922163	-0.00358931	-0.999974	0.00617687	0.115085	-0.00654894	-0.993334	0.993349	-0.00285452	0.115106	
0.285357	0.00153349	0.922163	-0.00358931	-0.999974	0.00617687	0.115085	-0.00654894	-0.993334	0.993349	-0.00285452	0.115106	
0.285357	0.00153349	0.922163	-0.00358931	-0.999974	0.00617687	0.115085	-0.00654894	-0.993334	0.993349	-0.00285452	0.115106	
0.285357	0.00153349	0.922163	-0.00358931	-0.999974	0.00617687	0.115085	-0.00654894	-0.993334	0.993349	-0.00285452	0.115106	
0.285357	0.00153349	0.922163	-0.00358931	-0.999974	0.00617687	0.115085	-0.00654894	-0.993334	0.993349	-0.00285452	0.115106	
0.285357	0.00153349	0.922163	-0.00358931	-0.999974	0.00617687	0.115085	-0.00654894	-0.993334	0.993349	-0.00285452	0.115106	
0.285357	0.00153349	0.922163	-0.00358931	-0.999974	0.00617687	0.115085	-0.00654894	-0.993334	0.993349	-0.00285452	0.115106	
0.285357	0.00153349	0.922163	-0.00358931	-0.999974	0.00617687	0.115085	-0.00654894	-0.993334	0.993349	-0.00285452	0.115106	
0.285357	0.00153349	0.922163	-0.00358931	-0.999974	0.00617687	0.115085	-0.00654894	-0.993334	0.993349	-0.00285452	0.115106	
0.285357	0.00153349	0.922163	-0.00358931	-0.999974	0.00617687	0.115085	-0.00654894	-0.993334	0.993349	-0.00285452	0.115106	
0.285357	0.00153349	0.922163	-0.00358931	-0.999974	0.00617687	0.115085	-0.00654894	-0.993334	0.993349	-0.00285452	0.115106	
0.285357	0.00153349	0.922163	-0.00358931	-0.999974	0.00617687	0.115085	-0.00654894	-0.993334	0.993349	-0.00285452	0.115106	
0.285357	0.00153349	0.922163	-0.00358931	-0.999974	0.00617687	0.115085	-0.00654894	-0.993334	0.993349	-0.00285452	0.115106	
0.285357	0.00153349	0.922163	-0.00358931	-0.999974	0.00617687	0.115085	-0.00654894	-0.993334	0.993349	-0.00285452	0.115106	
0.285357	0.00153349	0.922163	-0.00358931	-0.999974	0.00617687	0.115085	-0.00654894	-0.993334	0.993349	-0.00285452	0.115106	
0.285357	0.00153349	0.922163	-0.00358931	-0.999974	0.00617687	0.115085	-0.00654894	-0.993334	0.993349	-0.00285452	0.115106	
0.285357	0.00153349	0.922163	-0.00358931	-0.999974	0.00617687	0.115085	-0.00654894	-0.993334	0.993349	-0.00285452	0.115106	
0.285357	0.00153349	0.922163	-0.00358931	-0.999974	0.00617687	0.115085	-0.00654894	-0.993334	0.993349	-0.00285452	0.115106	
0.285357	0.00153349	0.922163	-0.00358931	-0.999974	0.00617687	0.115085	-0.00654894	-0.993334	0.993349	-0.00285452	0.115106	
0.285357	0.00153349	0.922163	-0.00358931	-0.999974	0.00617687	0.115085	-0.00654894	-0.993334	0.993349	-0.00285452	0.115106	
0.285357	0.00153349	0.922163	-0.00358931	-0.999974	0.00617687	0.115085	-0.00654894	-0.993334	0.993349	-0.00285452	0.115106	
0.285357	0.00153349	0.922163	-0.00358931	-0.999974	0.00617687	0.115085	-0.00654894	-0.993334	0.993349	-0.00285452	0.115106	
0.285357	0.00153349	0.922163	-0.00358931	-0.999974	0.00617687	0.115085	-0.00654894	-0.993334	0.993349	-0.00285452	0.115106	
0.285357	0.00153349	0.922163	-0.00358931	-0.999974	0.00617687	0.115085	-0.00654894	-0.993334	0.993349	-0.00285452	0.115106	
0.285357	0.00153349	0.922163	-0.00358931	-0.999974	0.00617687	0.115085	-0.00654894	-0.993334	0.993349	-0.00285452	0.115106	
0.285357	0.00153349	0.922163	-0.00358931	-0.999974	0.00617687	0.115085	-0.00654894	-0.993334	0.993349	-0.00285452	0.115106	
0.285357	0.00153349	0.922163	-0.00358931	-0.999974	0.00617687	0.115085	-0.00654894	-0.993334	0.993349	-0.00285452	0.115106	
0.285357	0.00153349	0.922163	-0.00358931	-0.999974	0.00617687	0.115085	-0.00654894	-0.993334	0.993349	-0.00285452	0.115106	
0.285357	0.00153349	0.922163	-0.00358931	-0.999974	0.00617687	0.115085	-0.00654894	-0.993334	0.993349	-0.00285452	0.115106	
0.285357	0.00153349	0.922163	-0.00358931	-0.999974	0.00617687	0.115085	-0.00654894	-0.993334	0.993349	-0.00285452	0.115106	
0.285357	0.00153349	0.922163	-0.00358931	-0.999974	0.00617687	0.115085	-0.00654894	-0.993334	0.993349	-0.00285452	0.115106	
0.285357	0.00153349	0.922163	-0.00358931	-0.999974	0.00617687	0.115085	-0.00654894	-0.993334	0.993349	-0.00285452	0.115106	
0.285357	0.00153349	0.922163	-0.00358931	-0.999974	0.00617687	0.115085	-0.00654894	-0.993334	0.993349	-0.00285452	0.115106	
0.285357	0.00153349	0.922163	-0.00358931	-0.999974	0.00617687	0.115085	-0.00654894	-0.993334	0.993349	-0.00285452	0.115106	
0.285357	0.00153349	0.922163	-0.00358931	-0.999974	0.00617687	0.115085	-0.00654894	-0.993334	0.993349	-0.00285452	0.115106	
0.285357	0.00153349	0.922163	-0.00358931	-0.999974	0.00617687	0.115085	-0.00654894	-0.993334	0.993349	-0.00285452	0.115106	
0.285357	0.00153349	0.922163	-0.00358931	-0.999974	0.00617687	0.115085	-0.00654894	-0.993334	0.993349	-0.00285452	0.115106	
0.285357	0.00153349	0.922163	-0.00358931	-0.999974	0.00617687	0.115085	-0.00654894	-0.993334	0.993349	-0.00285452	0.115106	
0.285357	0.00153349	0.922163	-0.00358931	-0.999974	0.00617687	0.115085	-0.00654894	-0.993334	0.993349	-0.00285452	0.115106	
0.285357	0.00153349	0.922163	-0.00358931	-0.999974	0.00617687	0.115085	-0.00654894	-0.993334	0.993349	-0.00285452	0.115106	
0.285357	0.00153349	0.922163	-0.00358931	-0.999974	0.00617687	0.115085	-0.00654894	-0.993334	0.993349	-0.00285452	0.115106	
0.285357	0.00153349	0.922163	-0.00358931	-0.999974	0.00617687	0.115085	-0.00654894	-0.993334	0.993349	-0.00285452	0.115106	
0.285357	0.00153349	0.922163	-0.00358931	-0.999974	0.00617687	0.115085	-0.00654894	-0.993334	0.993349	-0.00285452	0.115106	
0.285357	0.00153349	0.922163	-0.00358931	-0.999974	0.00617687	0.115085	-0.00654894	-0.993334	0.993349	-0.00285452	0.115106	
0.285357	0.00153349	0.922163	-0.00358931	-0.999974	0.00617687	0.115085	-0.00654894	-0.993334	0.993349	-0.00285452	0.115106	
0.285357	0.00153349	0.922163	-0.00358931	-0.999974	0.00617687	0.115085	-0.00654894	-0.993334	0.993349	-0.00285452	0.115106	
0.285357	0.00153349	0.922163	-0.00358931	-0.999974	0.00617687	0.115085	-0.00654894	-0.993334	0.993349	-0.00285452	0.115106	
0.285352	-0.000207026	0.922165	-0.00702815	-0.999961	0.00528452	0.115064	-0.00605824	-0.99334	0.993333	-0.00637328	0.115102	
0.285341	-0.00188237	0.922165	-0.0103382	-0.999937	0.00442555	0.115046	-0.00558582	-0.993344	0.993306	-0.00976027	0.115096	
0.285322	-0.00355999	0.922164	-0.0136528	-0.9999	0.00356536	0.115032	-0.00511266	-0.993349	0.993268	-0.0131519	0.11509	
0.285296	-0.00523729	0.922162	-0.0169668	-0.999852	0.00270527	0.11502	-0.00463951	-0.993352	0.993218	-0.0165429	0.115082	
0.285263	-0.00691431	0.922159	-0.0202803	-0.999793	0.00184525	0.115013	-0.00416635	-0.993355	0.993157	-0.0199334	0.115073	
0.285223	-0.00859097	0.922155	-0.0235932	-0.999721	0.000985332	0.115008	-0.00369323	-0.993358	0.993084	-0.0233232	0.115063	
0.285176	-0.0102672	0.92215	-0.0269053	-0.999638	0.000125529	0.115007	-0.00322017	-0.993359	0.993	-0.0267122	0.115052	
0.285122	-0.0119429	0.922144	-0.0302165	-0.999543	-0.000734133	0.11501	-0.00274719	-0.993361	0.992905	-0.0301003	0.11504	
0.28506	-0.0136181	0.922138	-0.0335266	-0.999437	-0.00159363	0.115016	-0.00227432	-0.993361	0.992798	-0.0334873	0.115027	
0.284992	-0.0152926	0.92213	-0.0368356	-0.999318	-0.00245295	0.115025	-0.00180158	-0.993361	0.992679	-0.0368732	0.115013	
0.284916	-0.0169665	0.922121	-0.0401434	-0.999188	-0.00331205	0.115038	-0.00132901	-0.99336	0.99255	-0.0402579	0.114998	
0.284833	-0.0186395	0.922112	-0.0434497	-0.999047	-0.00417093	0.115053	-0.000856626	-0.993359	0.992409	-0.043641	0.114981	
0.284743	-0.0203118	0.922102	-0.0467545	-0.998894	-0.00502956	0.115073	-0.000384454	-0.993357	0.992256	-0.0470227	0.114964	
0.284647	-0.0219831	0.92209	-0.0500577	-0.998729	-0.00588791	0.115096	8.7478e-05	-0.993354	0.992092	-0.0504027	0.114945	
0.284543	-0.0236534	0.922078	-0.0533591	-0.998553	-0.00674597	0.115122	0.000559144	-0.993351	0.991917	-0.0537809	0.114925	
0.284432	-0.0253227	0.922065	-0.0566586	-0.998365	-0.00760371	0.115151	0.00103052	-0.993347	0.991731	-0.0571573	0.114904	
0.284314	-0.0269909	0.92205	-0.0599561	-0.998165	-0.00846111	0.115184	0.00150158	-0.993343	0.991533	-0.0605315	0.114882	
0.284189	-0.0286579	0.922035	-0.0632514	-0.997954	-0.00931815	0.11522	0.00197229	-0.993338	0.991324	-0.0639037	0.114859	
0.284057	-0.0303237	0.922019	-0.0665445	-0.997732	-0.0101748	0.115259	0.00244263	-0.993332	0.991104	-0.0672736	0.114835	
0.283918	-0.0319881	0.922002	-0.0698352	-0.997498	-0.0110311	0.115302	0.00291258	-0.993326	0.990873	-0.0706411	0.11481	
0.283772	-0.0336512	0.921984	-0.0731234	-0.997252	-0.0118869	0.115348	0.00338211	-0.993319	0.99063	-0.074006	0.114784	
0.283619	-0.0353129	0.921965	-0.076409	-0.996995	-0.0127423	0.115398	0.0038512	-0.993312	0.990376	-0.0773684	0.114757	
0.283459	-0.036973	0.921946	-0.0796918	-0.996727	-0.0135972	0.115451	0.00431981	-0.993304	0.990111	-0.080728	0.114728	
0.283293	-0.0386316	0.921925	-0.0829718	-0.996447	-0.0144516	0.115507	0.00478793	-0.993295	0.989835	-0.0840847	0.114699	
0.283119	-0.0402885	0.921903	-0.0862488	-0.996156	-0.0153055	0.115566	0.00525553	-0.993286	0.989548	-0.0874385	0.114669	
0.282938	-0.0419437	0.921881	-0.0895226	-0.995854	-0.0161589	0.115629	0.00572258	-0.993276	0.98925	-0.0907891	0.114637	
0.282751	-0.0435971	0.921857	-0.0927933	-0.99554	-0.0170117	0.115695	0.00618906	-0.993266	0.988941	-0.0941365	0.114604	
0.282557	-0.0452487	0.921833	-0.0960606	-0.995215	-0.017864	0.115764	0.00665494	-0.993254	0.988621	-0.0974806	0.114571	
0.282356	-0.0468985	0.921808	-0.0993245	-0.994879	-0.0187156	0.115836	0.00712021	-0.993243	0.98829	-0.100821	0.114536	
0.282148	-0.0485462	0.921781	-0.102585	-0.994532	-0.0195666	0.115912	0.00758483	-0.99323	0.987948	-0.104158	0.1145	
0.281933	-0.0501919	0.921754	-0.105841	-0.994173	-0.020417	0.115991	0.00804878	-0.993218	0.987595	-0.107492	0.114464	
0.281712	-0.0518356	0.921726	-0.109094	-0.993804	-0.0212668	0.116074	0.00851203	-0.993204	0.987231	-0.110821	0.114426	
0.281484	-0.0534771	0.921697	-0.112343	-0.993423	-0.0221158	0.116159	0.00897457	-0.99319	0.986857	-0.114147	0.114387	
0.281249	-0.0551164	0.921668	-0.115588	-0.993032	-0.0229642	0.116248	0.00943637	-0.993175	0.986471	-0.117469	0.114347	
0.281008	-0.0567534	0.921637	-0.118829	-0.992629	-0.0238118	0.11634	0.00989741	-0.99316	0.986075	-0.120786	0.114306	
0.28076	-0.0583881	0.921605	-0.122065	-0.992216	-0.0246587	0.116435	0.0103577	-0.993144	0.985669	-0.124099	0.114264	
0.280505	-0.0600203	0.921573	-0.125297	-0.991791	-0.0255048	0.116533	0.0108171	-0.993128	0.985252	-0.127408	0.114221	
0.280244	-0.0616502	0.92154	-0.128525	-0.991356	-0.0263502	0.116635	0.0112757	-0.993111	0.984824	-0.130713	0.114177	
0.279976	-0.0632775	0.921505	-0.131748	-0.99091	-0.0271947	0.116739	0.0117334	-0.993093	0.984385	-0.134013	0.114132	
0.279702	-0.0649022	0.92147	-0.134966	-0.990453	-0.0280384	0.116847	0.0121903	-0.993075	0.983936	-0.137308	0.114086	
0.279421	-0.0665243	0.921434	-0.13818	-0.989986	-0.0288813	0.116958	0.0126462	-0.993056	0.983477	-0.140598	0.114039	
0.279133	-0.0681437	0.921397	-0.141388	-0.989508	-0.0297234	0.117072	0.0131013	-0.993037	0.983007	-0.143884	0.113991	
0.27884	-0.0697604	0.92136	-0.144592	-0.989019	-0.0305645	0.117189	0.0135553	-0.993017	0.982527	-0.147164	0.113942	
0.278539	-0.0713743	0.921321	-0.14779	-0.98852	-0.0314047	0.117309	0.0140085	-0.992997	0.982037	-0.150439	0.113892	
0.278233	-0.0729853	0.921282	-0.150984	-0.98801	-0.0322441	0.117433	0.0144606	-0.992976	0.981536	-0.15371	0.113841	
0.27792	-0.0745933	0.921241	-0.154172	-0.98749	-0.0330825	0.117559	0.0149117	-0.992954	0.981026	-0.156974	0.113789	
0.277601	-0.0761984	0.9212	-0.157354	-0.98696	-0.0339199	0.117688	0.0153617	-0.992932	0.980505	-0.160234	0.113736	
0.277275	-0.0778005	0.921158	-0.160531	-0.986419	-0.0347564	0.117821	0.0158107	-0.992909	0.979973	-0.163488	0.113682	
0.276943	-0.0793995	0.921115	-0.163702	-0.985868	-0.0355918	0.117956	0.0162587	-0.992886	0.979432	-0.166736	0.113628	
0.276605	-0.0809953	0.921072	-0.166868	-0.985306	-0.0364263	0.118095	0.0167055	-0.992862	0.978881	-0.169979	0.113572	
0.276261	-0.082588	0.921027	-0.170028	-0.984735	-0.0372597	0.118236	0.0171512	-0.992837	0.97832	-0.173215	0.113515	
0.275911	-0.0841774	0.920982	-0.173182	-0.984153	-0.0380921	0.118381	0.0175958	-0.992812	0.97775	-0.176446	0.113457	
0.275554	-0.0857635	0.920935	-0.176329	-0.983561	-0.0389234	0.118528	0.0180392	-0.992787	0.977169	-0.179671	0.113399	
0.275192	-0.0873463	0.920888	-0.179471	-0.98296	-0.0397536	0.118678	0.0184814	-0.992761	0.976579	-0.18289	0.113339	
0.274823	-0.0889256	0.920841	-0.182607	-0.982348	-0.0405827	0.118831	0.0189224	-0.992734	0.975978	-0.186102	0.113278	
0.274449	-0.0905015	0.920792	-0.185736	-0.981727	-0.0414107	0.118988	0.0193622	-0.992707	0.975369	-0.189309	0.113217	
0.274069	-0.0920739	0.920743	-0.188859	-0.981096	-0.0422376	0.119147	0.0198008	-0.992679	0.974749	-0.192509	0.113155	
0.273682	-0.0936428	0.920692	-0.191975	-0.980455	-0.0430633	0.119308	0.0202381	-0.992651	0.974121	-0.195702	0.113091	
0.27329	-0.095208	0.920641	-0.195085	-0.979804	-0.0438878	0.119473	0.0206741	-0.992622	0.973482	-0.198889	0.113027	
0.272892	-0.0967696	0.920589	-0.198188	-0.979144	-0.0447111	0.119641	0.0211089	-0.992593	0.972835	-0.202069	0.112962	
0.272488	-0.0983275	0.920537	-0.201284	-0.978474	-0.0455333	0.119811	0.0215423	-0.992563	0.972178	-0.205242	0.112896	
0.272078	-0.0998817	0.920483	-0.204373	-0.977795	-0.0463542	0.119984	0.0219744	-0.992533	0.971512	-0.208409	0.112829	
0.271663	-0.101432	0.920429	-0.207456	-0.977106	-0.0471739	0.12016	0.0224051	-0.992502	0.970836	-0.211569	0.112761	
0.271242	-0.102979	0.920374	-0.210532	-0.976408	-0.0479923	0.120339	0.0228345	-0.99247	0.970152	-0.214722	0.112693	
0.270816	-0.104521	0.920318	-0.2136	-0.975701	-0.0488094	0.12052	0.0232624	-0.992438	0.969459	-0.217867	0.112623	
0.270383	-0.10606	0.920262	-0.216661	-0.974985	-0.0496253	0.120705	0.023689	-0.992406	0.968756	-0.221006	0.112553	
0.269946	-0.107595	0.920204	-0.219715	-0.974259	-0.0504399	0.120892	0.0241142	-0.992373	0.968045	-0.224137	0.112481	
0.269502	-0.109125	0.920146	-0.222762	-0.973525	-0.0512531	0.121081	0.0245379	-0.992339	0.967324	-0.227261	0.112409	
0.269054	-0.110652	0.920088	-0.225801	-0.972781	-0.052065	0.121273	0.0249602	-0.992305	0.966595	-0.230378	0.112336	
0.268599	-0.112175	0.920028	-0.228833	-0.972029	-0.0528756	0.121468	0.0253809	-0.992271	0.965858	-0.233487	0.112263	
0.26814	-0.113693	0.919968	-0.231857	-0.971267	-0.0536848	0.121666	0.0258003	-0.992236	0.965111	-0.236588	0.112188	
0.267675	-0.115208	0.919907	-0.234873	-0.970497	-0.0544926	0.121866	0.0262181	-0.9922	0.964356	-0.239682	0.112112	
0.267205	-0.116718	0.919845	-0.237882	-0.969719	-0.055299	0.122068	0.0266344	-0.992164	0.963593	-0.242768	0.112036	
0.26673	-0.118223	0.919782	-0.240883	-0.968931	-0.056104	0.122274	0.0270491	-0.992128	0.962821	-0.245847	0.111959	
0.266249	-0.119725	0.919719	-0.243876	-0.968135	-0.0569076	0.122481	0.0274623	-0.992091	0.962041	-0.248917	0.111881	
0.265763	-0.121222	0.919655	-0.246861	-0.967331	-0.0577098	0.122692	0.027874	-0.992053	0.961252	-0.25198	0.111802	
0.265273	-0.122715	0.919591	-0.249838	-0.966518	-0.0585105	0.122904	0.0282841	-0.992015	0.960456	-0.255035	0.111723	
0.264777	-0.124203	0.919525	-0.252807	-0.965697	-0.0593097	0.123119	0.0286926	-0.991977	0.959651	-0.258081	0.111642	
0.264276	-0.125687	0.919459	-0.255768	-0.964868	-0.0601075	0.123337	0.0290995	-0.991938	0.958838	-0.26112	0.111561	
0.26377	-0.127167	0.919393	-0.258721	-0.96403	-0.0609038	0.123557	0.0295048	-0.991899	0.958017	-0.26415	0.111479	
0.263259	-0.128642	0.919325	-0.261666	-0.963185	-0.0616985	0.12378	0.0299084	-0.991859	0.957188	-0.267172	0.111397	
0.262744	-0.130112	0.919257	-0.264602	-0.962331	-0.0624918	0.124005	0.0303104	-0.991819	0.956352	-0.270186	0.111313	
0.262223	-0.131578	0.919188	-0.267529	-0.961469	-0.0632835	0.124232	0.0307108	-0.991778	0.955507	-0.273192	0.111229	
0.261698	-0.133039	0.919119	-0.270449	-0.9606	-0.0640737	0.124462	0.0311094	-0.991737	0.954655	-0.276189	0.111144	
0.261168	-0.134496	0.919049	-0.273359	-0.959723	-0.0648623	0.124694	0.0315065	-0.991695	0.953796	-0.279177	0.111059	
0.260634	-0.135948	0.918978	-0.276262	-0.958838	-0.0656494	0.124928	0.0319018	-0.991653	0.952928	-0.282157	0.110972	
0.260094	-0.137395	0.918907	-0.279155	-0.957945	-0.0664348	0.125164	0.0322954	-0.99161	0.952054	-0.285128	0.110885	
0.25955	-0.138837	0.918835	-0.28204	-0.957045	-0.0672187	0.125403	0.0326873	-0.991567	0.951172	-0.288091	0.110797	
0.259002	-0.140275	0.918762	-0.284916	-0.956137	-0.068001	0.125644	0.0330775	-0.991524	0.950282	-0.291045	0.110709	
0.258449	-0.141708	0.918688	-0.287784	-0.955222	-0.0687817	0.125887	0.0334659	-0.99148	0.949386	-0.29399	0.110619	
0.257892	-0.143136	0.918614	-0.290642	-0.9543	-0.0695607	0.126133	0.0338526	-0.991436	0.948482	-0.296927	0.110529	
0.25733	-0.144559	0.91854	-0.293492	-0.95337	-0.0703381	0.12638	0.0342375	-0.991391	0.947571	-0.299854	0.110439	
0.256764	-0.145978	0.918465	-0.296332	-0.952434	-0.0711139	0.12663	0.0346207	-0.991346	0.946653	-0.302773	0.110347	
0.256194	-0.147391	0.918389	-0.299164	-0.95149	-0.071888	0.126882	0.0350021	-0.9913	0.945728	-0.305682	0.110255	
0.255619	-0.1488	0.918312	-0.301986	-0.950539	-0.0726604	0.127136	0.0353817	-0.991254	0.944797	-0.308583	0.110163	
0.25504	-0.150203	0.918235	-0.3048	-0.949581	-0.0734312	0.127392	0.0357595	-0.991208	0.943858	-0.311475	0.110069	
0.254457	-0.151602	0.918158	-0.307604	-0.948617	-0.0742003	0.12765	0.0361355	-0.991161	0.942913	-0.314357	0.109975	
0.25387	-0.152996	0.918079	-0.310399	-0.947646	-0.0749676	0.12791	0.0365097	-0.991114	0.941961	-0.31723	0.109881	
0.253279	-0.154384	0.918001	-0.313185	-0.946668	-0.0757333	0.128172	0.0368821	-0.991066	0.941003	-0.320094	0.109785	
0.252684	-0.155768	0.917921	-0.315962	-0.945683	-0.0764972	0.128436	0.0372526	-0.991018	0.940038	-0.322949	0.109689	
0.252746	-0.155627	0.917928	-0.315679	-0.945784	-0.0764192	0.128406	0.0372157	-0.991023	0.940138	-0.322658	0.109696	
