0.31974	-0.00118	0.877481	-0.00220495	-0.999997	-0.000384173	-0.00222548	0.00038908	-0.999997	0.999995	-0.00220409	-0.00222633	
0.320427	-0.0023713	0.876371	-0.00449033	-0.99999	-0.000575863	-0.00524781	0.000599426	-0.999986	0.999976	-0.00448725	-0.00525045	
0.321108	-0.0035734	0.87526	-0.006851	-0.999976	-0.000584894	-0.00827183	0.000641559	-0.999966	0.999942	-0.00684592	-0.00827603	
0.321782	-0.00478586	0.874146	-0.00928212	-0.999957	-0.000420471	-0.0112987	0.000525342	-0.999936	0.999893	-0.00927678	-0.0113031	
0.322451	-0.00600823	0.873031	-0.0117792	-0.999931	-9.12248e-05	-0.0143294	0.000260022	-0.999897	0.999828	-0.0117767	-0.0143315	
0.323114	-0.0072401	0.871913	-0.014338	-0.999897	0.000394757	-0.017365	-0.000145733	-0.999849	0.999746	-0.0143427	-0.0173611	
0.323771	-0.00848109	0.870794	-0.0169546	-0.999856	0.0010299	-0.0204065	-0.000683797	-0.999792	0.999648	-0.0169721	-0.0203919	
0.324421	-0.00973084	0.869673	-0.0196252	-0.999806	0.00180709	-0.0234547	-0.00134655	-0.999724	0.999532	-0.0196622	-0.0234237	
0.325066	-0.010989	0.86855	-0.0223465	-0.999747	0.0027197	-0.0265106	-0.00212686	-0.999646	0.999399	-0.0224107	-0.0264563	
0.325704	-0.0122553	0.867426	-0.025115	-0.999677	0.00376149	-0.0295749	-0.00301802	-0.999558	0.999247	-0.0252152	-0.0294896	
0.326336	-0.0135293	0.8663	-0.0279279	-0.999598	0.00492663	-0.0326485	-0.00401377	-0.999459	0.999077	-0.0280736	-0.0325232	
0.326961	-0.014809	0.865172	-0.0307692	-0.999507	0.00617884	-0.035731	-0.0050779	-0.999349	0.998888	-0.03097	-0.0355571	
0.32758	-0.0160891	0.864042	-0.0336031	-0.999408	0.00743245	-0.0388203	-0.00612586	-0.999227	0.998681	-0.0338657	-0.0385914	
0.328193	-0.0173696	0.862911	-0.0364295	-0.999298	0.00868687	-0.0419161	-0.00715705	-0.999095	0.998457	-0.0367607	-0.041626	
0.3288	-0.0186504	0.861778	-0.0392485	-0.99918	0.00994151	-0.0450184	-0.0081709	-0.998953	0.998215	-0.039655	-0.0446608	
0.3294	-0.0199316	0.860643	-0.04206	-0.999052	0.0111958	-0.048127	-0.00916681	-0.998799	0.997955	-0.0425484	-0.0476958	
0.329995	-0.0212131	0.859506	-0.0448642	-0.998916	0.0124491	-0.0512417	-0.0101442	-0.998635	0.997678	-0.0454408	-0.050731	
0.329904	-0.0224907	0.859394	-0.0477056	-0.998768	0.0136576	-0.0517331	-0.0111842	-0.998598	0.997521	-0.0483452	-0.0511358	
0.329699	-0.0237674	0.859444	-0.0505538	-0.998611	0.0148571	-0.0518389	-0.0122324	-0.998581	0.997375	-0.0512522	-0.0511485	
0.329477	-0.0250437	0.8595	-0.0534027	-0.998444	0.0160544	-0.0519512	-0.0132776	-0.998561	0.997221	-0.0541599	-0.0511613	
0.329237	-0.0263196	0.85956	-0.0562522	-0.998268	0.0172491	-0.0520744	-0.0143195	-0.998541	0.997058	-0.0570684	-0.0511787	
0.328981	-0.027595	0.859626	-0.0591024	-0.998082	0.0184412	-0.0522088	-0.0153577	-0.998518	0.996886	-0.0599777	-0.051201	
0.328706	-0.02887	0.859697	-0.0619535	-0.997886	0.0196304	-0.0523547	-0.0163919	-0.998494	0.996705	-0.0628879	-0.0512285	
0.328413	-0.0301444	0.859773	-0.0648055	-0.997681	0.0208164	-0.0525123	-0.0174219	-0.998468	0.996515	-0.0657993	-0.0512615	
0.328101	-0.0314183	0.859855	-0.0676584	-0.997466	0.0219991	-0.052682	-0.0184472	-0.998441	0.996317	-0.0687119	-0.0513004	
0.32777	-0.0326915	0.859943	-0.0705125	-0.997242	0.0231782	-0.052864	-0.0194675	-0.998412	0.996109	-0.0716258	-0.0513455	
0.327419	-0.0339642	0.860037	-0.0733678	-0.997008	0.0243534	-0.0530585	-0.0204825	-0.998381	0.995893	-0.0745412	-0.051397	
0.327047	-0.0352363	0.860137	-0.0762245	-0.996764	0.0255245	-0.0532658	-0.0214918	-0.998349	0.995667	-0.0774583	-0.0514553	
0.326655	-0.0365076	0.860243	-0.0790827	-0.996511	0.0266913	-0.0534861	-0.022495	-0.998315	0.995432	-0.080377	-0.0515205	
0.326241	-0.0377783	0.860355	-0.0819424	-0.996248	0.0278534	-0.0537196	-0.0234917	-0.99828	0.995188	-0.0832977	-0.0515931	
0.325806	-0.0390483	0.860474	-0.0848039	-0.995975	0.0290105	-0.0539666	-0.0244815	-0.998243	0.994935	-0.0862204	-0.0516732	
0.325349	-0.0403174	0.8606	-0.0876672	-0.995693	0.0301624	-0.0542271	-0.025464	-0.998204	0.994673	-0.0891454	-0.0517612	
0.324869	-0.0415858	0.860733	-0.0905325	-0.995401	0.0313089	-0.0545014	-0.0264388	-0.998164	0.994401	-0.0920727	-0.0518572	
0.324366	-0.0428534	0.860872	-0.0934	-0.9951	0.0324496	-0.0547896	-0.0274056	-0.998122	0.99412	-0.0950025	-0.0519615	
0.32384	-0.04412	0.861019	-0.0962698	-0.994789	0.0335841	-0.055092	-0.0283637	-0.998078	0.993829	-0.097935	-0.0520743	
0.32329	-0.0453858	0.861173	-0.0991419	-0.994468	0.0347123	-0.0554085	-0.0293129	-0.998033	0.993529	-0.10087	-0.0521959	
0.322715	-0.0466507	0.861335	-0.102017	-0.994137	0.0358338	-0.0557394	-0.0302527	-0.997987	0.99322	-0.103809	-0.0523264	
0.322128	-0.0479147	0.861501	-0.104893	-0.993797	0.0369499	-0.0560742	-0.0311854	-0.997939	0.992901	-0.106749	-0.0524553	
0.321537	-0.0491781	0.86167	-0.107772	-0.993447	0.0380616	-0.0564102	-0.0321123	-0.997891	0.992574	-0.109691	-0.0525798	
0.320941	-0.0504409	0.86184	-0.110651	-0.993087	0.039169	-0.0567483	-0.0330336	-0.997842	0.992238	-0.112635	-0.0527008	
0.32034	-0.051703	0.862011	-0.113532	-0.992718	0.040272	-0.0570888	-0.0339489	-0.997792	0.991893	-0.11558	-0.0528188	
0.319736	-0.0529644	0.862183	-0.116413	-0.992339	0.0413707	-0.0574319	-0.0348584	-0.997741	0.991539	-0.118526	-0.052934	
0.319127	-0.0542252	0.862356	-0.119296	-0.99195	0.0424649	-0.0577778	-0.035762	-0.997689	0.991176	-0.121474	-0.0530464	
0.318514	-0.0554852	0.86253	-0.12218	-0.991552	0.0435548	-0.0581264	-0.0366596	-0.997636	0.990804	-0.124423	-0.0531563	
0.317897	-0.0567445	0.862705	-0.125066	-0.991144	0.0446401	-0.0584777	-0.0375512	-0.997582	0.990424	-0.127374	-0.0532635	
0.317275	-0.0580031	0.862881	-0.127952	-0.990726	0.045721	-0.0588318	-0.0384368	-0.997528	0.990034	-0.130326	-0.0533681	
0.31665	-0.059261	0.863057	-0.13084	-0.990298	0.0467974	-0.0591885	-0.0393163	-0.997472	0.989635	-0.133279	-0.0534702	
0.31602	-0.0605181	0.863235	-0.133728	-0.989861	0.0478692	-0.059548	-0.0401898	-0.997416	0.989227	-0.136233	-0.0535698	
0.315386	-0.0617745	0.863413	-0.136618	-0.989414	0.0489365	-0.0599102	-0.0410571	-0.997359	0.988811	-0.139189	-0.0536669	
0.314747	-0.0630302	0.863592	-0.139508	-0.988958	0.0499992	-0.060275	-0.0419183	-0.997301	0.988385	-0.142145	-0.0537615	
0.314105	-0.0642851	0.863772	-0.1424	-0.988492	0.0510573	-0.0606424	-0.0427733	-0.997243	0.98795	-0.145103	-0.0538536	
0.313458	-0.0655392	0.863952	-0.145292	-0.988016	0.0521108	-0.0610125	-0.0436221	-0.997183	0.987506	-0.148062	-0.0539434	
0.312807	-0.0667925	0.864134	-0.148185	-0.98753	0.0531596	-0.0613853	-0.0444647	-0.997123	0.987053	-0.151022	-0.0540308	
0.312152	-0.0680451	0.864316	-0.15108	-0.987034	0.0542037	-0.0617606	-0.045301	-0.997062	0.98659	-0.153984	-0.0541158	
0.311492	-0.0692968	0.864499	-0.153975	-0.986529	0.0552431	-0.0621385	-0.0461311	-0.997001	0.986119	-0.156946	-0.0541984	
0.310828	-0.0705478	0.864682	-0.156871	-0.986014	0.0562778	-0.062519	-0.0469548	-0.996939	0.985638	-0.159909	-0.0542788	
0.31016	-0.0717979	0.864866	-0.159768	-0.98549	0.0573077	-0.0629021	-0.0477722	-0.996876	0.985149	-0.162873	-0.0543569	
0.309488	-0.0730472	0.865051	-0.162665	-0.984955	0.0583329	-0.0632877	-0.0485832	-0.996812	0.984649	-0.165839	-0.0544328	
0.308812	-0.0742957	0.865237	-0.165564	-0.984411	0.0593533	-0.0636758	-0.0493878	-0.996748	0.984141	-0.168805	-0.0545064	
0.308131	-0.0755433	0.865423	-0.168463	-0.983858	0.0603689	-0.0640665	-0.050186	-0.996683	0.983624	-0.171772	-0.0545779	
0.307446	-0.07679	0.865609	-0.171363	-0.983294	0.0613797	-0.0644597	-0.0509777	-0.996617	0.983097	-0.17474	-0.0546472	
0.306757	-0.0780359	0.865797	-0.174264	-0.982721	0.0623857	-0.0648555	-0.051763	-0.996551	0.982561	-0.177709	-0.0547144	
0.306064	-0.0792809	0.865985	-0.177165	-0.982138	0.0633868	-0.0652537	-0.0525418	-0.996484	0.982016	-0.180679	-0.0547795	
0.305366	-0.0805251	0.866173	-0.180067	-0.981545	0.064383	-0.0656543	-0.0533141	-0.996417	0.981461	-0.183649	-0.0548426	
0.304664	-0.0817683	0.866362	-0.18297	-0.980943	0.0653744	-0.0660575	-0.0540798	-0.996349	0.980897	-0.18662	-0.0549037	
0.303958	-0.0830107	0.866552	-0.185873	-0.98033	0.0663609	-0.0664631	-0.054839	-0.996281	0.980323	-0.189592	-0.0549627	
0.303248	-0.0842521	0.866742	-0.188777	-0.979708	0.0673425	-0.0668712	-0.0555917	-0.996212	0.979741	-0.192565	-0.0550199	
0.302534	-0.0854926	0.866932	-0.191681	-0.979077	0.0683191	-0.0672818	-0.0563377	-0.996142	0.979148	-0.195538	-0.0550751	
0.301815	-0.0867321	0.867123	-0.194586	-0.978435	0.0692909	-0.0676948	-0.0570771	-0.996072	0.978547	-0.198512	-0.0551285	
0.301092	-0.0879708	0.867314	-0.197491	-0.977784	0.0702577	-0.0681102	-0.0578099	-0.996002	0.977936	-0.201487	-0.0551801	
0.300365	-0.0892084	0.867506	-0.200397	-0.977123	0.0712196	-0.068528	-0.0585361	-0.99593	0.977315	-0.204462	-0.0552298	
0.299633	-0.0904451	0.867698	-0.203303	-0.976452	0.0721765	-0.0689483	-0.0592556	-0.995859	0.976685	-0.207438	-0.0552778	
0.298898	-0.0916808	0.867891	-0.20621	-0.975771	0.0731285	-0.069371	-0.0599684	-0.995787	0.976046	-0.210414	-0.0553241	
0.298158	-0.0929156	0.868083	-0.209116	-0.975081	0.0740756	-0.0697961	-0.0606745	-0.995714	0.975397	-0.21339	-0.0553688	
0.297414	-0.0941493	0.868276	-0.212024	-0.974381	0.0750176	-0.0702236	-0.061374	-0.995641	0.974738	-0.216367	-0.0554118	
0.296666	-0.0953821	0.86847	-0.214931	-0.973671	0.0759548	-0.0706534	-0.0620667	-0.995568	0.97407	-0.219345	-0.0554532	
0.295913	-0.0966138	0.868664	-0.217839	-0.972952	0.0768869	-0.0710857	-0.0627526	-0.995494	0.973393	-0.222323	-0.055493	
0.295157	-0.0978445	0.868857	-0.220747	-0.972222	0.0778142	-0.0715204	-0.0634319	-0.99542	0.972705	-0.225301	-0.0555314	
0.294396	-0.0990741	0.869052	-0.223655	-0.971483	0.0787364	-0.0719575	-0.0641044	-0.995346	0.972009	-0.22828	-0.0555682	
0.293631	-0.100303	0.869246	-0.226563	-0.970734	0.0796537	-0.072397	-0.0647701	-0.995271	0.971302	-0.231259	-0.0556037	
0.292862	-0.10153	0.86944	-0.229472	-0.969975	0.0805661	-0.0728388	-0.065429	-0.995195	0.970586	-0.234238	-0.0556378	
0.292089	-0.102757	0.869635	-0.23238	-0.969207	0.0814735	-0.0732831	-0.0660812	-0.99512	0.96986	-0.237217	-0.0556705	
0.291311	-0.103982	0.86983	-0.235289	-0.968428	0.082376	-0.0737297	-0.0667266	-0.995043	0.969125	-0.240196	-0.0557019	
0.290529	-0.105206	0.870025	-0.238198	-0.96764	0.0832736	-0.0741788	-0.0673652	-0.994967	0.96838	-0.243176	-0.0557321	
0.289743	-0.10643	0.870219	-0.241106	-0.966842	0.0841662	-0.0746302	-0.067997	-0.99489	0.967625	-0.246155	-0.0557611	
0.288953	-0.107652	0.870414	-0.244015	-0.966035	0.0850539	-0.075084	-0.068622	-0.994813	0.966861	-0.249135	-0.0557889	
0.288159	-0.108873	0.870609	-0.246923	-0.965217	0.0859367	-0.0755402	-0.0692401	-0.994736	0.966086	-0.252115	-0.0558157	
0.287361	-0.110093	0.870804	-0.249831	-0.96439	0.0868147	-0.0759987	-0.0698515	-0.994658	0.965302	-0.255095	-0.0558413	
0.286558	-0.111311	0.870999	-0.25274	-0.963553	0.0876878	-0.0764597	-0.0704561	-0.99458	0.964508	-0.258074	-0.0558659	
0.285752	-0.112529	0.871194	-0.255647	-0.962706	0.088556	-0.0769231	-0.0710538	-0.994502	0.963705	-0.261054	-0.0558896	
0.284941	-0.113745	0.871389	-0.258555	-0.961849	0.0894194	-0.0773889	-0.0716447	-0.994423	0.962892	-0.264033	-0.0559123	
0.284126	-0.11496	0.871583	-0.261463	-0.960982	0.0902779	-0.0778571	-0.0722289	-0.994345	0.962068	-0.267013	-0.0559341	
0.283307	-0.116174	0.871778	-0.26437	-0.960106	0.0911317	-0.0783277	-0.0728061	-0.994266	0.961235	-0.269992	-0.0559552	
0.282484	-0.117387	0.871972	-0.267276	-0.95922	0.0919806	-0.0788007	-0.0733766	-0.994186	0.960393	-0.272971	-0.0559754	
0.281657	-0.118599	0.872166	-0.270183	-0.958324	0.0928249	-0.0792762	-0.0739403	-0.994107	0.95954	-0.275949	-0.0559949	
0.280825	-0.119809	0.87236	-0.273089	-0.957418	0.0936643	-0.0797541	-0.0744972	-0.994027	0.958677	-0.278927	-0.0560137	
0.27999	-0.121018	0.872554	-0.275994	-0.956503	0.0944991	-0.0802344	-0.0750472	-0.993947	0.957805	-0.281905	-0.0560319	
0.27915	-0.122226	0.872747	-0.278899	-0.955577	0.0953291	-0.0807172	-0.0755905	-0.993867	0.956922	-0.284883	-0.0560494	
0.278307	-0.123433	0.87294	-0.281803	-0.954642	0.0961545	-0.0812025	-0.0761269	-0.993786	0.95603	-0.28786	-0.0560665	
0.277459	-0.124638	0.873133	-0.284707	-0.953697	0.0969753	-0.0816902	-0.0766566	-0.993705	0.955128	-0.290837	-0.056083	
0.276656	-0.125839	0.873196	-0.287567	-0.952752	0.0978263	-0.0823983	-0.0771514	-0.993609	0.95421	-0.293789	-0.0563189	
0.275872	-0.127037	0.873203	-0.290406	-0.951801	0.0986932	-0.0832045	-0.0776308	-0.993504	0.953279	-0.296731	-0.0566497	
0.275093	-0.128233	0.873185	-0.293234	-0.950842	0.0995695	-0.0840579	-0.0781027	-0.993395	0.952338	-0.299667	-0.0570234	
0.274315	-0.129428	0.873153	-0.296055	-0.949874	0.100452	-0.0849373	-0.0785698	-0.993284	0.951387	-0.302598	-0.0574188	
0.273537	-0.13062	0.873113	-0.29887	-0.948898	0.101339	-0.0858337	-0.0790329	-0.99317	0.950426	-0.305527	-0.0578268	
0.272758	-0.131812	0.873068	-0.301681	-0.947912	0.10223	-0.0867434	-0.0794919	-0.993054	0.949455	-0.308453	-0.058244	
0.271976	-0.133001	0.873017	-0.304487	-0.946918	0.103124	-0.0876647	-0.0799463	-0.992937	0.948474	-0.311377	-0.0586687	
0.271193	-0.134189	0.872962	-0.307289	-0.945914	0.104019	-0.0885968	-0.0803955	-0.992818	0.947483	-0.314298	-0.0591003	
0.270407	-0.135376	0.872902	-0.310087	-0.944901	0.104916	-0.0895393	-0.0808391	-0.992697	0.946482	-0.317217	-0.0595387	
0.26962	-0.136561	0.872838	-0.31288	-0.94388	0.105814	-0.0904919	-0.0812763	-0.992575	0.945472	-0.320133	-0.0599837	
0.268861	-0.137747	0.872755	-0.315664	-0.94285	0.106725	-0.0915087	-0.0817021	-0.992447	0.944448	-0.323046	-0.0604886	
0.26816	-0.138937	0.872647	-0.318435	-0.941811	0.107661	-0.0926285	-0.0821151	-0.992309	0.943408	-0.325958	-0.0610903	
0.26749	-0.140131	0.872546	-0.321204	-0.940761	0.108611	-0.0937847	-0.0825246	-0.992166	0.942355	-0.328874	-0.0617217	
0.266846	-0.141328	0.872455	-0.323974	-0.939699	0.109572	-0.0949678	-0.0829313	-0.99202	0.941287	-0.331794	-0.0623736	
0.266226	-0.142528	0.872372	-0.326743	-0.938626	0.110544	-0.0961755	-0.0833348	-0.99187	0.940207	-0.334718	-0.0630437	
0.265637	-0.143706	0.872309	-0.329365	-0.937633	0.111192	-0.0971996	-0.083467	-0.991759	0.939186	-0.337459	-0.0636464	
0.265096	-0.144846	0.872275	-0.331757	-0.936771	0.111345	-0.0978225	-0.0832326	-0.991717	0.938279	-0.339902	-0.0640242	
0.264636	-0.145952	0.87221	-0.333917	-0.936037	0.111059	-0.0982168	-0.082629	-0.991729	0.937471	-0.342063	-0.0643433	
0.264328	-0.14671	0.872168	-0.33546	-0.935525	0.110719	-0.0983809	-0.0820968	-0.991757	0.936903	-0.343587	-0.0644977	
0.264348	-0.146656	0.872173	-0.33535	-0.935562	0.110742	-0.0983633	-0.0821358	-0.991755	0.936944	-0.343479	-0.0644807	
0.264346	-0.146661	0.872172	-0.335361	-0.935559	0.11074	-0.0983653	-0.0821321	-0.991755	0.936941	-0.343489	-0.0644826	
0.264346	-0.146661	0.872173	-0.33536	-0.935559	0.11074	-0.0983651	-0.0821324	-0.991755	0.936941	-0.343488	-0.0644824	
0.264346	-0.146661	0.872173	-0.33536	-0.935559	0.11074	-0.0983651	-0.0821324	-0.991755	0.936941	-0.343488	-0.0644824	
0.264346	-0.146661	0.872173	-0.33536	-0.935559	0.11074	-0.0983651	-0.0821324	-0.991755	0.936941	-0.343488	-0.0644824	
0.264346	-0.146661	0.872173	-0.33536	-0.935559	0.11074	-0.0983651	-0.0821324	-0.991755	0.936941	-0.343488	-0.0644824	
0.264346	-0.146661	0.872173	-0.33536	-0.935559	0.11074	-0.0983651	-0.0821324	-0.991755	0.936941	-0.343488	-0.0644824	
0.264346	-0.146661	0.872173	-0.33536	-0.935559	0.11074	-0.0983651	-0.0821324	-0.991755	0.936941	-0.343488	-0.0644824	
0.264346	-0.146661	0.872173	-0.33536	-0.935559	0.11074	-0.0983651	-0.0821324	-0.991755	0.936941	-0.343488	-0.0644824	
0.264346	-0.146661	0.872173	-0.33536	-0.935559	0.11074	-0.0983651	-0.0821324	-0.991755	0.936941	-0.343488	-0.0644824	
0.264346	-0.146661	0.872173	-0.33536	-0.935559	0.11074	-0.0983651	-0.0821324	-0.991755	0.936941	-0.343488	-0.0644824	
0.264346	-0.146661	0.872173	-0.33536	-0.935559	0.11074	-0.0983651	-0.0821324	-0.991755	0.936941	-0.343488	-0.0644824	
0.264346	-0.146661	0.872173	-0.33536	-0.935559	0.11074	-0.0983651	-0.0821324	-0.991755	0.936941	-0.343488	-0.0644824	
0.264346	-0.146661	0.872173	-0.33536	-0.935559	0.11074	-0.0983651	-0.0821324	-0.991755	0.936941	-0.343488	-0.0644824	
0.264346	-0.146661	0.872173	-0.33536	-0.935559	0.11074	-0.0983651	-0.0821324	-0.991755	0.936941	-0.343488	-0.0644824	
0.264346	-0.146661	0.872173	-0.33536	-0.935559	0.11074	-0.0983651	-0.0821324	-0.991755	0.936941	-0.343488	-0.0644824	
0.264346	-0.146661	0.872173	-0.33536	-0.935559	0.11074	-0.0983651	-0.0821324	-0.991755	0.936941	-0.343488	-0.0644824	
0.264346	-0.146661	0.872173	-0.33536	-0.935559	0.11074	-0.0983651	-0.0821324	-0.991755	0.936941	-0.343488	-0.0644824	
0.264346	-0.146661	0.872173	-0.33536	-0.935559	0.11074	-0.0983651	-0.0821324	-0.991755	0.936941	-0.343488	-0.0644824	
0.264346	-0.146661	0.872173	-0.33536	-0.935559	0.11074	-0.0983651	-0.0821324	-0.991755	0.936941	-0.343488	-0.0644824	
0.264346	-0.146661	0.872173	-0.33536	-0.935559	0.11074	-0.0983651	-0.0821324	-0.991755	0.936941	-0.343488	-0.0644824	
0.264346	-0.146661	0.872173	-0.33536	-0.935559	0.11074	-0.0983651	-0.0821324	-0.991755	0.936941	-0.343488	-0.0644824	
0.264346	-0.146661	0.872173	-0.33536	-0.935559	0.11074	-0.0983651	-0.0821324	-0.991755	0.936941	-0.343488	-0.0644824	
0.264346	-0.146661	0.872173	-0.33536	-0.935559	0.11074	-0.0983651	-0.0821324	-0.991755	0.936941	-0.343488	-0.0644824	
0.264346	-0.146661	0.872173	-0.33536	-0.935559	0.11074	-0.0983651	-0.0821324	-0.991755	0.936941	-0.343488	-0.0644824	
0.264346	-0.146661	0.872173	-0.33536	-0.935559	0.11074	-0.0983651	-0.0821324	-0.991755	0.936941	-0.343488	-0.0644824	
0.264346	-0.146661	0.872173	-0.33536	-0.935559	0.11074	-0.0983651	-0.0821324	-0.991755	0.936941	-0.343488	-0.0644824	
0.264346	-0.146661	0.872173	-0.33536	-0.935559	0.11074	-0.0983651	-0.0821324	-0.991755	0.936941	-0.343488	-0.0644824	
0.264346	-0.146661	0.872173	-0.33536	-0.935559	0.11074	-0.0983651	-0.0821324	-0.991755	0.936941	-0.343488	-0.0644824	
0.264346	-0.146661	0.872173	-0.33536	-0.935559	0.11074	-0.0983651	-0.0821324	-0.991755	0.936941	-0.343488	-0.0644824	
0.264346	-0.146661	0.872173	-0.33536	-0.935559	0.11074	-0.0983651	-0.0821324	-0.991755	0.936941	-0.343488	-0.0644824	
0.264346	-0.146661	0.872173	-0.33536	-0.935559	0.11074	-0.0983651	-0.0821324	-0.991755	0.936941	-0.343488	-0.0644824	
0.264346	-0.146661	0.872173	-0.33536	-0.935559	0.11074	-0.0983651	-0.0821324	-0.991755	0.936941	-0.343488	-0.0644824	
0.264346	-0.146661	0.872173	-0.33536	-0.935559	0.11074	-0.0983651	-0.0821324	-0.991755	0.936941	-0.343488	-0.0644824	
0.264346	-0.146661	0.872173	-0.33536	-0.935559	0.11074	-0.0983651	-0.0821324	-0.991755	0.936941	-0.343488	-0.0644824	
0.264346	-0.146661	0.872173	-0.33536	-0.935559	0.11074	-0.0983651	-0.0821324	-0.991755	0.936941	-0.343488	-0.0644824	
0.264346	-0.146661	0.872173	-0.33536	-0.935559	0.11074	-0.0983651	-0.0821324	-0.991755	0.936941	-0.343488	-0.0644824	
0.264346	-0.146661	0.872173	-0.33536	-0.935559	0.11074	-0.0983651	-0.0821324	-0.991755	0.936941	-0.343488	-0.0644824	
0.264346	-0.146661	0.872173	-0.33536	-0.935559	0.11074	-0.0983651	-0.0821324	-0.991755	0.936941	-0.343488	-0.0644824	
0.264346	-0.146661	0.872173	-0.33536	-0.935559	0.11074	-0.0983651	-0.0821324	-0.991755	0.936941	-0.343488	-0.0644824	
0.264346	-0.146661	0.872173	-0.33536	-0.935559	0.11074	-0.0983651	-0.0821324	-0.991755	0.936941	-0.343488	-0.0644824	
0.264346	-0.146661	0.872173	-0.33536	-0.935559	0.11074	-0.0983651	-0.0821324	-0.991755	0.936941	-0.343488	-0.0644824	
0.264346	-0.146661	0.872173	-0.33536	-0.935559	0.11074	-0.0983651	-0.0821324	-0.991755	0.936941	-0.343488	-0.0644824	
0.264346	-0.146661	0.872173	-0.33536	-0.935559	0.11074	-0.0983651	-0.0821324	-0.991755	0.936941	-0.343488	-0.0644824	
0.264346	-0.146661	0.872173	-0.33536	-0.935559	0.11074	-0.0983651	-0.0821324	-0.991755	0.936941	-0.343488	-0.0644824	
0.264346	-0.146661	0.872173	-0.33536	-0.935559	0.11074	-0.0983651	-0.0821324	-0.991755	0.936941	-0.343488	-0.0644824	
0.264346	-0.146661	0.872173	-0.33536	-0.935559	0.11074	-0.0983651	-0.0821324	-0.991755	0.936941	-0.343488	-0.0644824	
0.264346	-0.146661	0.872173	-0.33536	-0.935559	0.11074	-0.0983651	-0.0821324	-0.991755	0.936941	-0.343488	-0.0644824	
0.264346	-0.146661	0.872173	-0.33536	-0.935559	0.11074	-0.0983651	-0.0821324	-0.991755	0.936941	-0.343488	-0.0644824	
0.264346	-0.146661	0.872173	-0.33536	-0.935559	0.11074	-0.0983651	-0.0821324	-0.991755	0.936941	-0.343488	-0.0644824	
0.264346	-0.146661	0.872173	-0.33536	-0.935559	0.11074	-0.0983651	-0.0821324	-0.991755	0.936941	-0.343488	-0.0644824	
0.264346	-0.146661	0.872173	-0.33536	-0.935559	0.11074	-0.0983651	-0.0821324	-0.991755	0.936941	-0.343488	-0.0644824	
0.264346	-0.146661	0.872173	-0.33536	-0.935559	0.11074	-0.0983651	-0.0821324	-0.991755	0.936941	-0.343488	-0.0644824	
0.264346	-0.146661	0.872173	-0.33536	-0.935559	0.11074	-0.0983651	-0.0821324	-0.991755	0.936941	-0.343488	-0.0644824	
0.264346	-0.146661	0.872173	-0.33536	-0.935559	0.11074	-0.0983651	-0.0821324	-0.991755	0.936941	-0.343488	-0.0644824	
0.264346	-0.146661	0.872173	-0.33536	-0.935559	0.11074	-0.0983651	-0.0821324	-0.991755	0.936941	-0.343488	-0.0644824	
0.264346	-0.146661	0.872173	-0.33536	-0.935559	0.11074	-0.0983651	-0.0821324	-0.991755	0.936941	-0.343488	-0.0644824	
0.264346	-0.146661	0.872173	-0.33536	-0.935559	0.11074	-0.0983651	-0.0821324	-0.991755	0.936941	-0.343488	-0.0644824	
0.264346	-0.146661	0.872173	-0.33536	-0.935559	0.11074	-0.0983651	-0.0821324	-0.991755	0.936941	-0.343488	-0.0644824	
0.264346	-0.146661	0.872173	-0.33536	-0.935559	0.11074	-0.0983651	-0.0821324	-0.991755	0.936941	-0.343488	-0.0644824	
0.264346	-0.146661	0.872173	-0.33536	-0.935559	0.11074	-0.0983651	-0.0821324	-0.991755	0.936941	-0.343488	-0.0644824	
0.264346	-0.146661	0.872173	-0.33536	-0.935559	0.11074	-0.0983651	-0.0821324	-0.991755	0.936941	-0.343488	-0.0644824	
0.264346	-0.146661	0.872173	-0.33536	-0.935559	0.11074	-0.0983651	-0.0821324	-0.991755	0.936941	-0.343488	-0.0644824	
0.264346	-0.146661	0.872173	-0.33536	-0.935559	0.11074	-0.0983651	-0.0821324	-0.991755	0.936941	-0.343488	-0.0644824	
0.264346	-0.146661	0.872173	-0.33536	-0.935559	0.11074	-0.0983651	-0.0821324	-0.991755	0.936941	-0.343488	-0.0644824	
0.264346	-0.146661	0.872173	-0.33536	-0.935559	0.11074	-0.0983651	-0.0821324	-0.991755	0.936941	-0.343488	-0.0644824	
0.264346	-0.146661	0.872173	-0.33536	-0.935559	0.11074	-0.0983651	-0.0821324	-0.991755	0.936941	-0.343488	-0.0644824	
0.264346	-0.146661	0.872173	-0.33536	-0.935559	0.11074	-0.0983651	-0.0821324	-0.991755	0.936941	-0.343488	-0.0644824	
0.264346	-0.146661	0.872173	-0.33536	-0.935559	0.11074	-0.0983651	-0.0821324	-0.991755	0.936941	-0.343488	-0.0644824	
0.264346	-0.146661	0.872173	-0.33536	-0.935559	0.11074	-0.0983651	-0.0821324	-0.991755	0.936941	-0.343488	-0.0644824	
0.264346	-0.146661	0.872173	-0.33536	-0.935559	0.11074	-0.0983651	-0.0821324	-0.991755	0.936941	-0.343488	-0.0644824	
0.264346	-0.146661	0.872173	-0.33536	-0.935559	0.11074	-0.0983651	-0.0821324	-0.991755	0.936941	-0.343488	-0.0644824	
0.264346	-0.146661	0.872173	-0.33536	-0.935559	0.11074	-0.0983651	-0.0821324	-0.991755	0.936941	-0.343488	-0.0644824	
0.264346	-0.146661	0.872173	-0.33536	-0.935559	0.11074	-0.0983651	-0.0821324	-0.991755	0.936941	-0.343488	-0.0644824	
0.264346	-0.146661	0.872173	-0.33536	-0.935559	0.11074	-0.0983651	-0.0821324	-0.991755	0.936941	-0.343488	-0.0644824	
0.264346	-0.146661	0.872173	-0.33536	-0.935559	0.11074	-0.0983651	-0.0821324	-0.991755	0.936941	-0.343488	-0.0644824	
0.264346	-0.146661	0.872173	-0.33536	-0.935559	0.11074	-0.0983651	-0.0821324	-0.991755	0.936941	-0.343488	-0.0644824	
0.264346	-0.146661	0.872173	-0.33536	-0.935559	0.11074	-0.0983651	-0.0821324	-0.991755	0.936941	-0.343488	-0.0644824	
0.264346	-0.146661	0.872173	-0.33536	-0.935559	0.11074	-0.0983651	-0.0821324	-0.991755	0.936941	-0.343488	-0.0644824	
0.264346	-0.146661	0.872173	-0.33536	-0.935559	0.11074	-0.0983651	-0.0821324	-0.991755	0.936941	-0.343488	-0.0644824	
0.264346	-0.146661	0.872173	-0.33536	-0.935559	0.11074	-0.0983651	-0.0821324	-0.991755	0.936941	-0.343488	-0.0644824	
0.26443	-0.145552	0.872736	-0.333451	-0.936207	0.111022	-0.0967876	-0.0831445	-0.991826	0.937786	-0.341471	-0.0628887	
0.26458	-0.144433	0.873224	-0.331442	-0.936902	0.111177	-0.0952971	-0.0839909	-0.991899	0.938651	-0.339352	-0.061446	
0.264743	-0.143303	0.873714	-0.329365	-0.937632	0.111198	-0.093709	-0.0847267	-0.991988	0.939541	-0.337146	-0.0599585	
0.264919	-0.142163	0.874198	-0.327223	-0.938394	0.111096	-0.0920484	-0.0853552	-0.992089	0.940453	-0.334861	-0.0584475	
0.265108	-0.141013	0.874677	-0.325021	-0.939184	0.110881	-0.0903198	-0.0858839	-0.992203	0.941384	-0.332501	-0.0569129	
0.265308	-0.139854	0.875152	-0.322762	-0.94	0.110562	-0.0885288	-0.0863189	-0.992326	0.942331	-0.330073	-0.0553566	
0.265516	-0.138686	0.875624	-0.320451	-0.940839	0.110146	-0.0866805	-0.0866661	-0.992459	0.943291	-0.327582	-0.0537802	
0.265732	-0.137511	0.876093	-0.318091	-0.941699	0.109641	-0.0847796	-0.0869304	-0.9926	0.944262	-0.325033	-0.0521851	
0.265954	-0.136329	0.876557	-0.315686	-0.942576	0.109053	-0.0828486	-0.0871104	-0.992748	0.94524	-0.322431	-0.0505916	
0.266176	-0.13514	0.877019	-0.313239	-0.943469	0.108386	-0.080896	-0.0872066	-0.9929	0.946223	-0.319783	-0.0490064	
0.266393	-0.133945	0.877485	-0.310755	-0.944375	0.107642	-0.0789109	-0.0872251	-0.993058	0.947209	-0.317092	-0.0474159	
0.266604	-0.132744	0.877956	-0.308236	-0.945293	0.106826	-0.076894	-0.0871694	-0.993221	0.948197	-0.314361	-0.0458186	
0.266809	-0.131537	0.878431	-0.305682	-0.946221	0.105941	-0.0748472	-0.0870425	-0.993389	0.949187	-0.311591	-0.0442146	
0.267009	-0.130324	0.87891	-0.303096	-0.947159	0.104991	-0.0727724	-0.0868472	-0.99356	0.950177	-0.308784	-0.042604	
0.267203	-0.129106	0.879394	-0.300477	-0.948104	0.103979	-0.0706715	-0.0865859	-0.993735	0.951167	-0.305943	-0.0409868	
0.267391	-0.127883	0.879881	-0.297828	-0.949057	0.102908	-0.0685461	-0.086261	-0.993912	0.952156	-0.303068	-0.0393633	
0.267572	-0.126655	0.880371	-0.295149	-0.950014	0.101784	-0.0663988	-0.0858772	-0.994091	0.953141	-0.300163	-0.0377333	
0.267747	-0.125427	0.880865	-0.292466	-0.950963	0.100659	-0.0642459	-0.0854843	-0.994266	0.954115	-0.297256	-0.0360943	
0.267915	-0.124197	0.881361	-0.289778	-0.951904	0.0995363	-0.0620918	-0.0850819	-0.994437	0.955078	-0.294346	-0.0344507	
0.268079	-0.122967	0.881857	-0.287084	-0.952836	0.0984144	-0.0599372	-0.0846697	-0.994605	0.956028	-0.291434	-0.032803	
0.268237	-0.121736	0.882355	-0.284386	-0.95376	0.0972936	-0.057782	-0.0842478	-0.994768	0.956967	-0.28852	-0.0311513	
0.268389	-0.120504	0.882854	-0.281683	-0.954676	0.096174	-0.0556264	-0.0838161	-0.994927	0.957894	-0.285603	-0.0294956	
0.268536	-0.119272	0.883354	-0.278974	-0.955583	0.0950556	-0.0534703	-0.0833747	-0.995083	0.958809	-0.282685	-0.0278359	
0.268677	-0.118038	0.883855	-0.27626	-0.956481	0.0939384	-0.0513137	-0.0829235	-0.995234	0.959712	-0.279764	-0.0261721	
0.268812	-0.116804	0.884357	-0.273541	-0.957371	0.0928224	-0.0491567	-0.0824626	-0.995381	0.960603	-0.276841	-0.0245043	
0.268942	-0.115569	0.88486	-0.270818	-0.958252	0.0917076	-0.0469993	-0.0819919	-0.995524	0.961483	-0.273916	-0.0228323	
0.269065	-0.114334	0.885363	-0.268089	-0.959125	0.090594	-0.0448414	-0.0815114	-0.995663	0.96235	-0.270988	-0.0211563	
0.269183	-0.113097	0.885868	-0.265355	-0.95999	0.0894816	-0.0426831	-0.0810211	-0.995798	0.963206	-0.268059	-0.019476	
0.269294	-0.11186	0.886374	-0.262615	-0.960845	0.0883704	-0.0405245	-0.0805211	-0.995929	0.964049	-0.265127	-0.0177917	
0.2694	-0.110622	0.88688	-0.259871	-0.961693	0.0872605	-0.0383654	-0.0800112	-0.996055	0.964881	-0.262194	-0.0161031	
0.269499	-0.109383	0.887387	-0.257122	-0.962531	0.0861517	-0.0362059	-0.0794916	-0.996178	0.9657	-0.259258	-0.0144103	
0.269592	-0.108144	0.887895	-0.254368	-0.963361	0.0850442	-0.0340461	-0.0789621	-0.996296	0.966508	-0.256321	-0.0127133	
0.269678	-0.106904	0.888403	-0.251608	-0.964182	0.083938	-0.0318859	-0.0784228	-0.99641	0.967304	-0.253382	-0.011012	
0.269758	-0.105663	0.888912	-0.248844	-0.964995	0.082833	-0.0297254	-0.0778737	-0.99652	0.968087	-0.25044	-0.0093064	
0.269832	-0.104421	0.889422	-0.246075	-0.965799	0.0817293	-0.0275645	-0.0773148	-0.996626	0.968859	-0.247497	-0.0075965	
0.269898	-0.103179	0.889932	-0.2433	-0.966594	0.0806269	-0.0254032	-0.0767461	-0.996727	0.969618	-0.244552	-0.00588225	
0.269958	-0.101936	0.890442	-0.240521	-0.967381	0.0795257	-0.0232416	-0.0761676	-0.996824	0.970366	-0.241605	-0.00416363	
0.270011	-0.100692	0.890953	-0.237736	-0.968158	0.0784259	-0.0210797	-0.0755792	-0.996917	0.971101	-0.238657	-0.00244061	
0.270057	-0.099448	0.891464	-0.234947	-0.968927	0.0773274	-0.0189175	-0.0749811	-0.997006	0.971824	-0.235706	-0.000713159	
0.270096	-0.098203	0.891976	-0.232153	-0.969688	0.0762302	-0.016755	-0.0743731	-0.99709	0.972535	-0.232754	0.00101874	
0.270128	-0.0969573	0.892487	-0.229353	-0.970439	0.0751344	-0.0145922	-0.0737552	-0.99717	0.973234	-0.2298	0.00275512	
0.270152	-0.095711	0.892999	-0.226549	-0.971182	0.07404	-0.0124291	-0.0731276	-0.997245	0.973921	-0.226845	0.00449601	
0.270169	-0.094464	0.893511	-0.223739	-0.971915	0.072947	-0.0102658	-0.0724902	-0.997316	0.974595	-0.223888	0.00624144	
0.270179	-0.0932164	0.894023	-0.220925	-0.97264	0.0718553	-0.00810216	-0.0718429	-0.997383	0.975257	-0.220929	0.00799143	
0.270181	-0.0919682	0.894535	-0.218106	-0.973356	0.0707652	-0.00593828	-0.0711859	-0.997445	0.975907	-0.217969	0.009746	
0.270174	-0.0907193	0.895046	-0.215282	-0.974063	0.0696765	-0.00377416	-0.070519	-0.997503	0.976545	-0.215007	0.0115052	
0.27016	-0.0894699	0.895558	-0.212453	-0.974761	0.0685893	-0.0016098	-0.0698424	-0.997557	0.97717	-0.212044	0.013269	
0.270138	-0.0882199	0.896069	-0.209619	-0.97545	0.0675036	0.000554769	-0.069156	-0.997606	0.977783	-0.20908	0.0150376	
0.270108	-0.0869693	0.89658	-0.20678	-0.97613	0.0664195	0.00271955	-0.0684598	-0.99765	0.978384	-0.206114	0.0168108	
0.27007	-0.0857181	0.89709	-0.203936	-0.976801	0.0653369	0.00488453	-0.0677539	-0.99769	0.978972	-0.203146	0.0185887	
0.270023	-0.0844664	0.8976	-0.201088	-0.977463	0.064256	0.00704969	-0.0670382	-0.997726	0.979548	-0.200177	0.0203714	
0.269967	-0.0832141	0.898109	-0.198234	-0.978116	0.0631767	0.00921501	-0.0663128	-0.997756	0.980111	-0.197208	0.0221588	
0.269903	-0.0819613	0.898617	-0.195376	-0.97876	0.0620991	0.0113805	-0.0655777	-0.997783	0.980662	-0.194236	0.0239511	
0.26983	-0.0807081	0.899125	-0.192513	-0.979395	0.0610233	0.0135461	-0.0648329	-0.997804	0.981201	-0.191264	0.0257482	
0.269749	-0.0794543	0.899632	-0.189646	-0.980021	0.0599492	0.0157118	-0.0640785	-0.997821	0.981727	-0.18829	0.0275501	
0.269658	-0.0782001	0.900137	-0.186773	-0.980637	0.0588769	0.0178777	-0.0633143	-0.997833	0.98224	-0.185316	0.0293569	
0.269558	-0.0769454	0.900642	-0.183896	-0.981244	0.0578065	0.0200436	-0.0625406	-0.997841	0.982741	-0.18234	0.0311687	
0.269448	-0.0756902	0.901146	-0.181014	-0.981843	0.056738	0.0222096	-0.0617572	-0.997844	0.98323	-0.179363	0.0329853	
0.269329	-0.0744347	0.901648	-0.178127	-0.982431	0.0556714	0.0243757	-0.0609643	-0.997842	0.983706	-0.176386	0.0348069	
0.2692	-0.0731787	0.902149	-0.175236	-0.983011	0.0546068	0.0265418	-0.0601618	-0.997836	0.984169	-0.173407	0.0366334	
0.269062	-0.0719224	0.902648	-0.17234	-0.983581	0.0535443	0.0287079	-0.0593498	-0.997824	0.984619	-0.170428	0.0384649	
0.268914	-0.0706657	0.903146	-0.169439	-0.984142	0.0524839	0.030874	-0.0585283	-0.997808	0.985057	-0.167448	0.0403014	
0.268755	-0.0694086	0.903643	-0.166534	-0.984694	0.0514257	0.0330401	-0.0576974	-0.997787	0.985482	-0.164467	0.042143	
0.268587	-0.0681513	0.904137	-0.163624	-0.985236	0.0503698	0.0352061	-0.056857	-0.997761	0.985894	-0.161485	0.0439895	
0.268408	-0.0668936	0.90463	-0.16071	-0.985769	0.0493161	0.0373721	-0.0560073	-0.997731	0.986294	-0.158502	0.0458412	
0.268219	-0.0656357	0.90512	-0.157792	-0.986292	0.0482647	0.0395379	-0.0551482	-0.997695	0.986681	-0.15552	0.0476979	
0.268019	-0.0643776	0.905609	-0.154868	-0.986806	0.0472158	0.0417037	-0.0542798	-0.997655	0.987055	-0.152536	0.0495597	
0.267808	-0.0631192	0.906095	-0.151941	-0.987311	0.0461694	0.0438693	-0.0534022	-0.997609	0.987416	-0.149552	0.0514266	
0.267586	-0.0618606	0.906579	-0.149009	-0.987806	0.0451256	0.0460347	-0.0525154	-0.997558	0.987764	-0.146568	0.0532986	
0.267354	-0.0606018	0.90706	-0.146073	-0.988291	0.0440844	0.0481999	-0.0516194	-0.997503	0.988099	-0.143583	0.0551757	
0.26711	-0.0593429	0.907539	-0.143132	-0.988767	0.043046	0.0503649	-0.0507144	-0.997442	0.988421	-0.140598	0.057058	
0.266855	-0.0580839	0.908016	-0.140187	-0.989233	0.0420103	0.0525297	-0.0498003	-0.997377	0.988731	-0.137613	0.0589454	
0.266588	-0.0568248	0.908489	-0.137238	-0.98969	0.0409775	0.0546941	-0.0488771	-0.997306	0.989027	-0.134627	0.060838	
0.26631	-0.0555657	0.90896	-0.134285	-0.990137	0.0399477	0.0568583	-0.0479451	-0.99723	0.98931	-0.131642	0.0627358	
0.26602	-0.0543065	0.909427	-0.131328	-0.990575	0.0389209	0.0590221	-0.0470042	-0.997149	0.98958	-0.128656	0.0646387	
0.265717	-0.0530474	0.909891	-0.128366	-0.991002	0.0378973	0.0611855	-0.0460545	-0.997063	0.989838	-0.12567	0.0665468	
0.265403	-0.0517882	0.910352	-0.125401	-0.991421	0.0368769	0.0633485	-0.0450961	-0.996972	0.990082	-0.122685	0.0684601	
0.265077	-0.0505292	0.91081	-0.122431	-0.991829	0.0358598	0.0655111	-0.044129	-0.996876	0.990313	-0.1197	0.0703785	
0.264738	-0.0492702	0.911264	-0.119458	-0.992228	0.0348462	0.0676732	-0.0431533	-0.996774	0.99053	-0.116715	0.0723022	
0.264387	-0.0480114	0.911714	-0.116481	-0.992616	0.033836	0.0698348	-0.042169	-0.996667	0.990735	-0.11373	0.074231	
0.264024	-0.0467527	0.912161	-0.1135	-0.992995	0.0328295	0.0719958	-0.0411764	-0.996555	0.990926	-0.110745	0.076165	
0.263647	-0.0454943	0.912603	-0.110515	-0.993365	0.0318267	0.0741563	-0.0401753	-0.996437	0.991104	-0.107762	0.0781042	
0.263258	-0.0442361	0.913041	-0.107527	-0.993724	0.0308278	0.0763161	-0.039166	-0.996314	0.991269	-0.104778	0.0800486	
0.262861	-0.0429784	0.913473	-0.104535	-0.994074	0.0298335	0.0784657	-0.0381482	-0.996187	0.991421	-0.101796	0.0819885	
0.262464	-0.0417213	0.913896	-0.101539	-0.994413	0.0288449	0.0805963	-0.0371221	-0.996055	0.991561	-0.0988137	0.0839154	
0.262064	-0.0404649	0.914316	-0.0985396	-0.994743	0.0278617	0.0827146	-0.0360884	-0.99592	0.99169	-0.0958329	0.0858359	
0.26166	-0.0392093	0.914733	-0.0955371	-0.995063	0.0268839	0.0848236	-0.0350473	-0.995779	0.991805	-0.0928535	0.0877531	
0.261253	-0.0379545	0.915146	-0.0925317	-0.995373	0.0259116	0.0869082	-0.0339976	-0.995636	0.99191	-0.089876	0.0896519	
0.260841	-0.0367005	0.915556	-0.0895239	-0.995672	0.0249446	0.0889595	-0.0329386	-0.99549	0.992004	-0.0869011	0.0915233	
0.260422	-0.0354475	0.915969	-0.086514	-0.995962	0.0239829	0.0909883	-0.0318717	-0.995342	0.992087	-0.0839289	0.0933783	
0.259995	-0.0341954	0.916385	-0.0835022	-0.996242	0.0230267	0.0929973	-0.0307971	-0.99519	0.992159	-0.0809592	0.0952194	
0.25956	-0.0329442	0.916806	-0.0804886	-0.996511	0.0220759	0.0949866	-0.0297153	-0.995035	0.992219	-0.077992	0.0970469	
0.259117	-0.0316939	0.91723	-0.077473	-0.996771	0.0211306	0.096956	-0.0286263	-0.994877	0.992269	-0.0750273	0.0988607	
0.258666	-0.0304444	0.917659	-0.0744555	-0.99702	0.0201911	0.0989053	-0.0275305	-0.994716	0.992307	-0.072065	0.10066	
0.258207	-0.0291959	0.918093	-0.071436	-0.997259	0.0192573	0.100834	-0.026428	-0.994552	0.992335	-0.0691051	0.102445	
0.257739	-0.0279483	0.918532	-0.0684147	-0.997489	0.0183295	0.102742	-0.0253192	-0.994386	0.992353	-0.0661474	0.104216	
0.257262	-0.0267015	0.918975	-0.0653913	-0.997708	0.0174077	0.104628	-0.0242043	-0.994217	0.992359	-0.0631918	0.105971	
0.256777	-0.0254556	0.919423	-0.062366	-0.997917	0.0164921	0.106492	-0.0230834	-0.994046	0.992356	-0.0602383	0.10771	
0.256283	-0.0242106	0.919877	-0.0593386	-0.998116	0.0155827	0.108334	-0.021957	-0.993872	0.992342	-0.0572868	0.109433	
0.255779	-0.0229665	0.920336	-0.0563091	-0.998305	0.0146797	0.110154	-0.0208251	-0.993696	0.992318	-0.0543371	0.11114	
0.255452	-0.0217236	0.920382	-0.0532546	-0.998486	0.0137739	0.110924	-0.0196232	-0.993635	0.992401	-0.0513878	0.111801	
0.25521	-0.0204821	0.920307	-0.050193	-0.998657	0.0128672	0.111335	-0.018398	-0.993613	0.992515	-0.0484399	0.112108	
0.255033	-0.0192422	0.920199	-0.0471296	-0.998817	0.011961	0.111591	-0.017164	-0.993606	0.992636	-0.0454936	0.112268	
0.254876	-0.0180033	0.920108	-0.0440669	-0.998967	0.0110534	0.11183	-0.0159271	-0.9936	0.99275	-0.0425487	0.112417	
0.254741	-0.0167654	0.920028	-0.0410045	-0.999107	0.0101448	0.112044	-0.0146872	-0.993595	0.992857	-0.0396052	0.112547	
0.254627	-0.0155282	0.919959	-0.0379424	-0.999237	0.00923524	0.112235	-0.0134448	-0.993591	0.992957	-0.0366627	0.11266	
0.254531	-0.0142918	0.919901	-0.0348805	-0.999357	0.00832495	0.112404	-0.0122001	-0.993588	0.99305	-0.0337211	0.112757	
0.254452	-0.0130559	0.919852	-0.0318188	-0.999466	0.007414	0.112552	-0.0109535	-0.993585	0.993136	-0.0307802	0.11284	
0.254389	-0.0118204	0.919812	-0.0287571	-0.999565	0.00650251	0.112679	-0.00970535	-0.993584	0.993215	-0.0278399	0.112909	
0.25434	-0.0105854	0.91978	-0.0256956	-0.999654	0.00559058	0.112788	-0.00845578	-0.993583	0.993287	-0.0249001	0.112966	
0.254303	-0.00935064	0.919755	-0.022634	-0.999733	0.0046783	0.112879	-0.00720511	-0.993583	0.993351	-0.0219606	0.113012	
0.254276	-0.00811614	0.919736	-0.0195724	-0.999801	0.00376575	0.112954	-0.00595354	-0.993582	0.993407	-0.0190214	0.113048	
0.254258	-0.0068818	0.919723	-0.0165108	-0.99986	0.00285299	0.113013	-0.00470127	-0.993582	0.993456	-0.0160824	0.113075	
0.254248	-0.00564759	0.919714	-0.0134491	-0.999908	0.00194008	0.113058	-0.00344848	-0.993582	0.993497	-0.0131434	0.113094	
0.254243	-0.00442191	0.919708	-0.010465	-0.999945	0.00115488	0.113089	-0.00233107	-0.993582	0.99353	-0.0102672	0.113108	
0.254242	-0.00322261	0.919705	-0.00772241	-0.99997	0.000767362	0.113107	-0.00163594	-0.993582	0.993553	-0.00758605	0.113116	
0.254243	-0.00204843	0.919703	-0.00521001	-0.999986	0.000758704	0.113115	-0.00134318	-0.993581	0.993568	-0.00509075	0.11312	
0.254245	-0.000898142	0.919702	-0.00291682	-0.999995	0.00111087	0.113118	-0.00143369	-0.99358	0.993577	-0.00277244	0.113122	
0.254246	0.000223226	0.919701	-0.000839893	-0.999998	0.00179957	0.113121	-0.00188303	-0.993579	0.993581	-0.000630931	0.113122	
0.254246	0.000289819	0.919701	-0.000705686	-0.999998	0.00183726	0.113121	-0.0019053	-0.993579	0.993581	-0.000493323	0.113122	
0.254246	0.000285189	0.919701	-0.000715016	-0.999998	0.00183464	0.113121	-0.00190375	-0.993579	0.993581	-0.000502889	0.113122	
0.254246	0.000285511	0.919701	-0.000714367	-0.999998	0.00183482	0.113121	-0.00190386	-0.993579	0.993581	-0.000502224	0.113122	
0.254246	0.000285489	0.919701	-0.000714413	-0.999998	0.00183481	0.113121	-0.00190385	-0.993579	0.993581	-0.00050227	0.113122	
0.254246	0.00028549	0.919701	-0.000714409	-0.999998	0.00183481	0.113121	-0.00190385	-0.993579	0.993581	-0.000502267	0.113122	
0.254246	0.00028549	0.919701	-0.00071441	-0.999998	0.00183481	0.113121	-0.00190385	-0.993579	0.993581	-0.000502268	0.113122	
0.254246	0.00028549	0.919701	-0.00071441	-0.999998	0.00183481	0.113121	-0.00190385	-0.993579	0.993581	-0.000502267	0.113122	
0.254246	0.00028549	0.919701	-0.00071441	-0.999998	0.00183481	0.113121	-0.00190385	-0.993579	0.993581	-0.000502267	0.113122	
0.254246	0.00028549	0.919701	-0.00071441	-0.999998	0.00183481	0.113121	-0.00190385	-0.993579	0.993581	-0.000502267	0.113122	
0.254246	0.00028549	0.919701	-0.00071441	-0.999998	0.00183481	0.113121	-0.00190385	-0.993579	0.993581	-0.000502267	0.113122	
0.254246	0.00028549	0.919701	-0.00071441	-0.999998	0.00183481	0.113121	-0.00190385	-0.993579	0.993581	-0.000502267	0.113122	
0.254246	0.00028549	0.919701	-0.00071441	-0.999998	0.00183481	0.113121	-0.00190385	-0.993579	0.993581	-0.000502267	0.113122	
0.254246	0.00028549	0.919701	-0.00071441	-0.999998	0.00183481	0.113121	-0.00190385	-0.993579	0.993581	-0.000502267	0.113122	
0.254246	0.00028549	0.919701	-0.00071441	-0.999998	0.00183481	0.113121	-0.00190385	-0.993579	0.993581	-0.000502267	0.113122	
0.254246	0.00028549	0.919701	-0.00071441	-0.999998	0.00183481	0.113121	-0.00190385	-0.993579	0.993581	-0.000502267	0.113122	
0.254246	0.00028549	0.919701	-0.00071441	-0.999998	0.00183481	0.113121	-0.00190385	-0.993579	0.993581	-0.000502267	0.113122	
0.254246	0.00028549	0.919701	-0.00071441	-0.999998	0.00183481	0.113121	-0.00190385	-0.993579	0.993581	-0.000502267	0.113122	
0.254246	0.00028549	0.919701	-0.00071441	-0.999998	0.00183481	0.113121	-0.00190385	-0.993579	0.993581	-0.000502267	0.113122	
0.254246	0.00028549	0.919701	-0.00071441	-0.999998	0.00183481	0.113121	-0.00190385	-0.993579	0.993581	-0.000502267	0.113122	
0.254246	0.00028549	0.919701	-0.00071441	-0.999998	0.00183481	0.113121	-0.00190385	-0.993579	0.993581	-0.000502267	0.113122	
0.254246	0.00028549	0.919701	-0.00071441	-0.999998	0.00183481	0.113121	-0.00190385	-0.993579	0.993581	-0.000502267	0.113122	
0.254246	0.00028549	0.919701	-0.00071441	-0.999998	0.00183481	0.113121	-0.00190385	-0.993579	0.993581	-0.000502267	0.113122	
0.254246	0.00028549	0.919701	-0.00071441	-0.999998	0.00183481	0.113121	-0.00190385	-0.993579	0.993581	-0.000502267	0.113122	
0.254246	0.00028549	0.919701	-0.00071441	-0.999998	0.00183481	0.113121	-0.00190385	-0.993579	0.993581	-0.000502267	0.113122	
0.254246	0.00028549	0.919701	-0.00071441	-0.999998	0.00183481	0.113121	-0.00190385	-0.993579	0.993581	-0.000502267	0.113122	
0.254246	0.00028549	0.919701	-0.00071441	-0.999998	0.00183481	0.113121	-0.00190385	-0.993579	0.993581	-0.000502267	0.113122	
0.254246	0.00028549	0.919701	-0.00071441	-0.999998	0.00183481	0.113121	-0.00190385	-0.993579	0.993581	-0.000502267	0.113122	
0.254246	0.00028549	0.919701	-0.00071441	-0.999998	0.00183481	0.113121	-0.00190385	-0.993579	0.993581	-0.000502267	0.113122	
0.254246	0.00028549	0.919701	-0.00071441	-0.999998	0.00183481	0.113121	-0.00190385	-0.993579	0.993581	-0.000502267	0.113122	
0.254246	0.00028549	0.919701	-0.00071441	-0.999998	0.00183481	0.113121	-0.00190385	-0.993579	0.993581	-0.000502267	0.113122	
0.254246	0.00028549	0.919701	-0.00071441	-0.999998	0.00183481	0.113121	-0.00190385	-0.993579	0.993581	-0.000502267	0.113122	
0.254246	0.00028549	0.919701	-0.00071441	-0.999998	0.00183481	0.113121	-0.00190385	-0.993579	0.993581	-0.000502267	0.113122	
0.254246	0.00028549	0.919701	-0.00071441	-0.999998	0.00183481	0.113121	-0.00190385	-0.993579	0.993581	-0.000502267	0.113122	
0.254246	0.00028549	0.919701	-0.00071441	-0.999998	0.00183481	0.113121	-0.00190385	-0.993579	0.993581	-0.000502267	0.113122	
0.254246	0.00028549	0.919701	-0.00071441	-0.999998	0.00183481	0.113121	-0.00190385	-0.993579	0.993581	-0.000502267	0.113122	
0.254246	0.00028549	0.919701	-0.00071441	-0.999998	0.00183481	0.113121	-0.00190385	-0.993579	0.993581	-0.000502267	0.113122	
0.254246	0.00028549	0.919701	-0.00071441	-0.999998	0.00183481	0.113121	-0.00190385	-0.993579	0.993581	-0.000502267	0.113122	
0.254246	0.00028549	0.919701	-0.00071441	-0.999998	0.00183481	0.113121	-0.00190385	-0.993579	0.993581	-0.000502267	0.113122	
0.254246	0.00028549	0.919701	-0.00071441	-0.999998	0.00183481	0.113121	-0.00190385	-0.993579	0.993581	-0.000502267	0.113122	
0.254246	0.00028549	0.919701	-0.00071441	-0.999998	0.00183481	0.113121	-0.00190385	-0.993579	0.993581	-0.000502267	0.113122	
0.254246	0.00028549	0.919701	-0.00071441	-0.999998	0.00183481	0.113121	-0.00190385	-0.993579	0.993581	-0.000502267	0.113122	
0.254246	0.00028549	0.919701	-0.00071441	-0.999998	0.00183481	0.113121	-0.00190385	-0.993579	0.993581	-0.000502267	0.113122	
0.254246	0.00028549	0.919701	-0.00071441	-0.999998	0.00183481	0.113121	-0.00190385	-0.993579	0.993581	-0.000502267	0.113122	
0.254246	0.00028549	0.919701	-0.00071441	-0.999998	0.00183481	0.113121	-0.00190385	-0.993579	0.993581	-0.000502267	0.113122	
0.254246	0.00028549	0.919701	-0.00071441	-0.999998	0.00183481	0.113121	-0.00190385	-0.993579	0.993581	-0.000502267	0.113122	
0.254246	0.00028549	0.919701	-0.00071441	-0.999998	0.00183481	0.113121	-0.00190385	-0.993579	0.993581	-0.000502267	0.113122	
0.254246	0.00028549	0.919701	-0.00071441	-0.999998	0.00183481	0.113121	-0.00190385	-0.993579	0.993581	-0.000502267	0.113122	
0.254246	0.00028549	0.919701	-0.00071441	-0.999998	0.00183481	0.113121	-0.00190385	-0.993579	0.993581	-0.000502267	0.113122	
0.254246	0.00028549	0.919701	-0.00071441	-0.999998	0.00183481	0.113121	-0.00190385	-0.993579	0.993581	-0.000502267	0.113122	
0.254246	0.00028549	0.919701	-0.00071441	-0.999998	0.00183481	0.113121	-0.00190385	-0.993579	0.993581	-0.000502267	0.113122	
0.254246	0.00028549	0.919701	-0.00071441	-0.999998	0.00183481	0.113121	-0.00190385	-0.993579	0.993581	-0.000502267	0.113122	
0.254246	0.00028549	0.919701	-0.00071441	-0.999998	0.00183481	0.113121	-0.00190385	-0.993579	0.993581	-0.000502267	0.113122	
0.254246	0.00028549	0.919701	-0.00071441	-0.999998	0.00183481	0.113121	-0.00190385	-0.993579	0.993581	-0.000502267	0.113122	
0.254246	0.00028549	0.919701	-0.00071441	-0.999998	0.00183481	0.113121	-0.00190385	-0.993579	0.993581	-0.000502267	0.113122	
0.254246	0.00028549	0.919701	-0.00071441	-0.999998	0.00183481	0.113121	-0.00190385	-0.993579	0.993581	-0.000502267	0.113122	
0.254246	0.00028549	0.919701	-0.00071441	-0.999998	0.00183481	0.113121	-0.00190385	-0.993579	0.993581	-0.000502267	0.113122	
0.254246	0.00028549	0.919701	-0.00071441	-0.999998	0.00183481	0.113121	-0.00190385	-0.993579	0.993581	-0.000502267	0.113122	
0.254246	0.00028549	0.919701	-0.00071441	-0.999998	0.00183481	0.113121	-0.00190385	-0.993579	0.993581	-0.000502267	0.113122	
0.254246	0.00028549	0.919701	-0.00071441	-0.999998	0.00183481	0.113121	-0.00190385	-0.993579	0.993581	-0.000502267	0.113122	
0.254246	0.00028549	0.919701	-0.00071441	-0.999998	0.00183481	0.113121	-0.00190385	-0.993579	0.993581	-0.000502267	0.113122	
0.254246	0.00028549	0.919701	-0.00071441	-0.999998	0.00183481	0.113121	-0.00190385	-0.993579	0.993581	-0.000502267	0.113122	
0.254246	0.00028549	0.919701	-0.00071441	-0.999998	0.00183481	0.113121	-0.00190385	-0.993579	0.993581	-0.000502267	0.113122	
0.254246	0.00028549	0.919701	-0.00071441	-0.999998	0.00183481	0.113121	-0.00190385	-0.993579	0.993581	-0.000502267	0.113122	
0.254246	0.00028549	0.919701	-0.00071441	-0.999998	0.00183481	0.113121	-0.00190385	-0.993579	0.993581	-0.000502267	0.113122	
0.254246	0.00028549	0.919701	-0.00071441	-0.999998	0.00183481	0.113121	-0.00190385	-0.993579	0.993581	-0.000502267	0.113122	
0.254246	0.00028549	0.919701	-0.00071441	-0.999998	0.00183481	0.113121	-0.00190385	-0.993579	0.993581	-0.000502267	0.113122	
0.254246	0.00028549	0.919701	-0.00071441	-0.999998	0.00183481	0.113121	-0.00190385	-0.993579	0.993581	-0.000502267	0.113122	
0.254246	0.00028549	0.919701	-0.00071441	-0.999998	0.00183481	0.113121	-0.00190385	-0.993579	0.993581	-0.000502267	0.113122	
0.254246	0.00028549	0.919701	-0.00071441	-0.999998	0.00183481	0.113121	-0.00190385	-0.993579	0.993581	-0.000502267	0.113122	
0.254246	0.00028549	0.919701	-0.00071441	-0.999998	0.00183481	0.113121	-0.00190385	-0.993579	0.993581	-0.000502267	0.113122	
0.254246	0.00028549	0.919701	-0.00071441	-0.999998	0.00183481	0.113121	-0.00190385	-0.993579	0.993581	-0.000502267	0.113122	
0.254246	0.00028549	0.919701	-0.00071441	-0.999998	0.00183481	0.113121	-0.00190385	-0.993579	0.993581	-0.000502267	0.113122	
0.254246	0.00028549	0.919701	-0.00071441	-0.999998	0.00183481	0.113121	-0.00190385	-0.993579	0.993581	-0.000502267	0.113122	
0.254246	0.00028549	0.919701	-0.00071441	-0.999998	0.00183481	0.113121	-0.00190385	-0.993579	0.993581	-0.000502267	0.113122	
0.254246	0.00028549	0.919701	-0.00071441	-0.999998	0.00183481	0.113121	-0.00190385	-0.993579	0.993581	-0.000502267	0.113122	
0.254246	0.00028549	0.919701	-0.00071441	-0.999998	0.00183481	0.113121	-0.00190385	-0.993579	0.993581	-0.000502267	0.113122	
0.254246	0.00028549	0.919701	-0.00071441	-0.999998	0.00183481	0.113121	-0.00190385	-0.993579	0.993581	-0.000502267	0.113122	
0.254246	0.00028549	0.919701	-0.00071441	-0.999998	0.00183481	0.113121	-0.00190385	-0.993579	0.993581	-0.000502267	0.113122	
0.254246	0.00028549	0.919701	-0.00071441	-0.999998	0.00183481	0.113121	-0.00190385	-0.993579	0.993581	-0.000502267	0.113122	
0.254246	0.00028549	0.919701	-0.00071441	-0.999998	0.00183481	0.113121	-0.00190385	-0.993579	0.993581	-0.000502267	0.113122	
0.254246	0.00028549	0.919701	-0.00071441	-0.999998	0.00183481	0.113121	-0.00190385	-0.993579	0.993581	-0.000502267	0.113122	
0.254241	-0.000851502	0.919702	-0.00288566	-0.999995	0.00128189	0.113118	-0.00160009	-0.99358	0.993577	-0.00272213	0.113122	
0.254231	-0.00199863	0.919702	-0.00515003	-0.999986	0.000882206	0.113116	-0.00145911	-0.993581	0.993568	-0.00501718	0.113122	
0.254214	-0.00315539	0.919703	-0.00750301	-0.999972	0.000628345	0.113115	-0.00147305	-0.993581	0.993554	-0.00738378	0.113122	
0.254189	-0.0043213	0.919704	-0.00994032	-0.99995	0.000513218	0.113112	-0.00163437	-0.993581	0.993533	-0.00981847	0.113123	
0.254158	-0.0054959	0.919704	-0.0124579	-0.999922	0.000530065	0.113107	-0.00193588	-0.993581	0.993505	-0.012318	0.113122	
0.254118	-0.00667875	0.919705	-0.0150518	-0.999886	0.000672436	0.113098	-0.00237071	-0.993581	0.99347	-0.0148791	0.113121	
0.254069	-0.00786943	0.919707	-0.0177183	-0.999843	0.00093417	0.113084	-0.00293229	-0.993581	0.993427	-0.0174989	0.113118	
0.254011	-0.00906753	0.919708	-0.0204539	-0.99979	0.00130939	0.113063	-0.00361433	-0.993581	0.993377	-0.0201746	0.113113	
0.253943	-0.0102727	0.919711	-0.0232553	-0.999728	0.00179247	0.113035	-0.00441082	-0.993581	0.993319	-0.0229034	0.113106	
0.253865	-0.0114845	0.919713	-0.0261192	-0.999656	0.00237805	0.112997	-0.005316	-0.993581	0.993252	-0.0256829	0.113097	
0.253776	-0.0127026	0.919717	-0.0290426	-0.999573	0.00306099	0.112949	-0.00632437	-0.993581	0.993176	-0.0285105	0.113084	
0.253676	-0.0139267	0.919721	-0.0320226	-0.99948	0.00383639	0.112889	-0.00743062	-0.99358	0.993091	-0.0313839	0.113068	
0.253565	-0.0151565	0.919726	-0.0350564	-0.999374	0.00469953	0.112817	-0.00862969	-0.993578	0.992997	-0.0343011	0.113049	
0.253442	-0.016389	0.919732	-0.0381172	-0.999258	0.00560631	0.112732	-0.00987465	-0.993576	0.992894	-0.0372403	0.113024	
0.253307	-0.0176212	0.919739	-0.041178	-0.999131	0.0065119	0.112636	-0.0111178	-0.993574	0.992783	-0.0401799	0.112996	
0.253159	-0.0188532	0.919748	-0.0442386	-0.998993	0.00741616	0.112529	-0.0123591	-0.993572	0.992663	-0.0431197	0.112963	
0.252998	-0.0200849	0.919758	-0.0472993	-0.998846	0.00831895	0.112411	-0.0135981	-0.993569	0.992535	-0.04606	0.112925	
0.252824	-0.0213162	0.919769	-0.0503599	-0.998689	0.00922012	0.112282	-0.0148348	-0.993566	0.992399	-0.0490006	0.112882	
0.252636	-0.0225472	0.919782	-0.0534206	-0.998521	0.0101195	0.112141	-0.0160688	-0.993562	0.992255	-0.0519418	0.112834	
0.252433	-0.0237779	0.919797	-0.0564812	-0.998343	0.0110169	0.111989	-0.0172999	-0.993559	0.992103	-0.0548836	0.11278	
0.252216	-0.0250081	0.919813	-0.0595419	-0.998155	0.0119122	0.111824	-0.0185279	-0.993555	0.991943	-0.0578261	0.112721	
0.251984	-0.0262379	0.919832	-0.0626028	-0.997956	0.0128053	0.111647	-0.0197525	-0.993552	0.991774	-0.0607694	0.112656	
0.251737	-0.0274673	0.919852	-0.0656638	-0.997748	0.0136958	0.111458	-0.0209734	-0.993548	0.991597	-0.0637136	0.112584	
0.251473	-0.0286963	0.919874	-0.0687249	-0.997529	0.0145837	0.111256	-0.0221904	-0.993544	0.991413	-0.0666587	0.112506	
0.251194	-0.0299247	0.919899	-0.0717863	-0.9973	0.0154687	0.111042	-0.0234032	-0.99354	0.99122	-0.0696049	0.112422	
0.250898	-0.0311527	0.919926	-0.0748479	-0.997061	0.0163506	0.110814	-0.0246115	-0.993536	0.991019	-0.0725523	0.112331	
0.250585	-0.0323801	0.919955	-0.0779099	-0.996812	0.0172293	0.110574	-0.025815	-0.993533	0.99081	-0.0755009	0.112232	
0.250255	-0.0336069	0.919986	-0.0809723	-0.996552	0.0181045	0.11032	-0.0270133	-0.993529	0.990592	-0.078451	0.112127	
0.249907	-0.0348331	0.92002	-0.084035	-0.996282	0.018976	0.110053	-0.0282063	-0.993525	0.990367	-0.0814026	0.112014	
0.249542	-0.0360587	0.920057	-0.0870983	-0.996002	0.0198436	0.109772	-0.0293935	-0.993522	0.990133	-0.0843558	0.111893	
0.249158	-0.0372837	0.920096	-0.0901621	-0.995712	0.0207071	0.109478	-0.0305747	-0.993519	0.989892	-0.0873108	0.111765	
0.248755	-0.038508	0.920137	-0.0932265	-0.995411	0.0215662	0.10917	-0.0317495	-0.993516	0.989642	-0.0902676	0.111629	
0.248334	-0.0397316	0.920182	-0.0962915	-0.995101	0.0224207	0.108848	-0.0329176	-0.993513	0.989384	-0.0932265	0.111484	
0.247893	-0.0409545	0.920229	-0.0993573	-0.99478	0.0232703	0.108512	-0.0340787	-0.993511	0.989117	-0.0961875	0.111332	
0.247434	-0.0421766	0.920279	-0.102424	-0.994448	0.0241149	0.108163	-0.0352324	-0.993509	0.988843	-0.0991507	0.111171	
0.246954	-0.0433979	0.920332	-0.105491	-0.994107	0.0249542	0.107799	-0.0363784	-0.993507	0.98856	-0.102116	0.111001	
0.246454	-0.0446184	0.920388	-0.10856	-0.993755	0.025788	0.107421	-0.0375164	-0.993506	0.988269	-0.105085	0.110823	
0.245934	-0.045838	0.920447	-0.111629	-0.993393	0.026616	0.107029	-0.0386459	-0.993505	0.98797	-0.108055	0.110636	
0.245394	-0.0470568	0.92051	-0.1147	-0.993021	0.0274379	0.106622	-0.0397667	-0.993504	0.987662	-0.111029	0.11044	
0.244833	-0.0482747	0.920575	-0.117771	-0.992639	0.0282535	0.106202	-0.0408785	-0.993504	0.987345	-0.114006	0.110234	
0.244251	-0.0494916	0.920644	-0.120844	-0.992246	0.0290627	0.105767	-0.0419807	-0.993504	0.987021	-0.116985	0.11002	
0.243648	-0.0507075	0.920717	-0.123918	-0.991843	0.029865	0.105333	-0.0430751	-0.993504	0.986686	-0.119967	0.109812	
0.243026	-0.0519221	0.920796	-0.126993	-0.99143	0.030661	0.104917	-0.0441639	-0.9935	0.986339	-0.122951	0.109626	
0.242394	-0.0531357	0.920873	-0.130068	-0.991006	0.0314517	0.104502	-0.0452464	-0.993495	0.985983	-0.125935	0.109447	
0.241759	-0.0543484	0.920943	-0.133142	-0.990573	0.0322386	0.104073	-0.0463219	-0.99349	0.985618	-0.12892	0.109259	
0.241123	-0.0555603	0.921009	-0.136216	-0.990129	0.0330215	0.103633	-0.0473906	-0.993486	0.985244	-0.131906	0.109065	
0.240483	-0.0567714	0.921074	-0.139289	-0.989675	0.0338003	0.103185	-0.0484528	-0.993481	0.984861	-0.134893	0.108869	
0.239839	-0.0579817	0.921138	-0.142362	-0.989211	0.0345748	0.102732	-0.0495086	-0.993476	0.984469	-0.137882	0.108672	
0.239192	-0.0591911	0.921201	-0.145435	-0.988736	0.0353451	0.102274	-0.050558	-0.993471	0.984067	-0.140871	0.108475	
0.238541	-0.0603997	0.921263	-0.148508	-0.988252	0.036111	0.101811	-0.0516009	-0.993465	0.983656	-0.143861	0.108278	
0.237886	-0.0616075	0.921326	-0.151581	-0.987757	0.0368725	0.101343	-0.0526374	-0.993458	0.983236	-0.146853	0.108081	
0.237227	-0.0628144	0.921388	-0.154654	-0.987252	0.0376298	0.100871	-0.0536675	-0.993451	0.982806	-0.149845	0.107885	
0.236565	-0.0640205	0.921449	-0.157726	-0.986737	0.0383826	0.100394	-0.0546911	-0.993443	0.982366	-0.152838	0.107688	
0.235898	-0.0652257	0.921511	-0.160798	-0.986211	0.0391311	0.0999124	-0.0557081	-0.993436	0.981917	-0.155833	0.107493	
0.235228	-0.06643	0.921571	-0.16387	-0.985676	0.0398753	0.0994267	-0.0567187	-0.993427	0.981459	-0.158828	0.107297	
0.234553	-0.0676334	0.921632	-0.166941	-0.98513	0.0406151	0.0989365	-0.0577226	-0.993418	0.98099	-0.161824	0.107102	
0.233875	-0.068836	0.921692	-0.170012	-0.984574	0.0413505	0.0984418	-0.05872	-0.993409	0.980513	-0.164821	0.106906	
0.233192	-0.0700376	0.921752	-0.173083	-0.984008	0.0420815	0.0979429	-0.0597108	-0.993399	0.980025	-0.167819	0.106711	
0.232506	-0.0712383	0.921811	-0.176153	-0.983432	0.0428082	0.0974395	-0.060695	-0.993389	0.979528	-0.170817	0.106517	
0.231816	-0.072438	0.92187	-0.179222	-0.982845	0.0435305	0.0969318	-0.0616726	-0.993378	0.979022	-0.173816	0.106322	
0.231122	-0.0736369	0.921928	-0.182292	-0.982248	0.0442484	0.0964198	-0.0626434	-0.993368	0.978505	-0.176816	0.106128	
0.230424	-0.0748347	0.921986	-0.18536	-0.981642	0.0449619	0.0959036	-0.0636076	-0.993356	0.97798	-0.179817	0.105933	
0.229723	-0.0760316	0.922044	-0.188428	-0.981024	0.0456711	0.095383	-0.0645651	-0.993345	0.977444	-0.182818	0.105739	
0.229017	-0.0772276	0.922101	-0.191495	-0.980397	0.0463759	0.0948582	-0.0655159	-0.993333	0.976899	-0.18582	0.105545	
0.228307	-0.0784226	0.922158	-0.194562	-0.97976	0.0470763	0.0943292	-0.0664599	-0.99332	0.976344	-0.188822	0.105351	
0.227594	-0.0796165	0.922214	-0.197628	-0.979112	0.0477724	0.093796	-0.0673972	-0.993308	0.975779	-0.191825	0.105156	
0.226877	-0.0808095	0.92227	-0.200693	-0.978455	0.0484641	0.0932586	-0.0683277	-0.993295	0.975205	-0.194828	0.104962	
0.226155	-0.0820014	0.922325	-0.203758	-0.977787	0.0491515	0.0927171	-0.0692514	-0.993281	0.974621	-0.197832	0.104768	
0.22543	-0.0831924	0.922379	-0.206822	-0.977109	0.0498345	0.0921714	-0.0701683	-0.993268	0.974027	-0.200836	0.104574	
0.224701	-0.0843823	0.922434	-0.209885	-0.97642	0.0505132	0.0916216	-0.0710784	-0.993254	0.973424	-0.203841	0.104379	
0.223969	-0.0855711	0.922487	-0.212947	-0.975722	0.0511876	0.0910677	-0.0719817	-0.99324	0.972811	-0.206845	0.104185	
0.223232	-0.086759	0.92254	-0.216008	-0.975014	0.0518577	0.0905097	-0.0728781	-0.993225	0.972188	-0.209851	0.10399	
0.222492	-0.0879457	0.922593	-0.219068	-0.974295	0.0525234	0.0899476	-0.0737677	-0.993211	0.971555	-0.212856	0.103796	
0.221747	-0.0891314	0.922644	-0.222127	-0.973566	0.0531849	0.0893814	-0.0746504	-0.993196	0.970912	-0.215862	0.103601	
0.220999	-0.090316	0.922696	-0.225185	-0.972827	0.0538421	0.0888113	-0.0755262	-0.993181	0.97026	-0.218868	0.103405	
0.220247	-0.0914995	0.922746	-0.228242	-0.972078	0.0544951	0.0882371	-0.0763952	-0.993166	0.969598	-0.221874	0.10321	
0.219491	-0.0926818	0.922796	-0.231298	-0.971319	0.0551438	0.0876589	-0.0772572	-0.99315	0.968926	-0.22488	0.103014	
0.218732	-0.0938631	0.922845	-0.234353	-0.97055	0.0557883	0.0870766	-0.0781124	-0.993134	0.968244	-0.227886	0.102818	
0.217968	-0.0950433	0.922894	-0.237407	-0.96977	0.0564285	0.0864905	-0.0789606	-0.993119	0.967552	-0.230892	0.102622	
0.217201	-0.0962223	0.922942	-0.240459	-0.96898	0.0570646	0.0859003	-0.079802	-0.993103	0.966851	-0.233899	0.102425	
0.21643	-0.0974002	0.922989	-0.24351	-0.968181	0.0576965	0.0853062	-0.0806364	-0.993086	0.966139	-0.236905	0.102228	
0.215655	-0.0985769	0.923036	-0.24656	-0.967371	0.0583243	0.0847082	-0.0814639	-0.99307	0.965418	-0.239911	0.10203	
0.214876	-0.0997524	0.923081	-0.249609	-0.966551	0.0589479	0.0841062	-0.0822844	-0.993054	0.964687	-0.242917	0.101832	
0.214094	-0.100927	0.923126	-0.252656	-0.965721	0.0595674	0.0835003	-0.083098	-0.993037	0.963946	-0.245923	0.101633	
0.213308	-0.1021	0.923171	-0.255702	-0.96488	0.0601828	0.0828905	-0.0839047	-0.99302	0.963195	-0.248929	0.101434	
0.212518	-0.103272	0.923214	-0.258747	-0.96403	0.0607941	0.0822768	-0.0847044	-0.993003	0.962435	-0.251934	0.101234	
0.211724	-0.104443	0.923257	-0.26179	-0.96317	0.0614015	0.0816591	-0.0854972	-0.992986	0.961664	-0.25494	0.101034	
0.210926	-0.105612	0.923299	-0.264831	-0.962299	0.0620047	0.0810377	-0.0862831	-0.992969	0.960884	-0.257945	0.100833	
0.210125	-0.106781	0.92334	-0.267871	-0.961419	0.062604	0.0804123	-0.0870619	-0.992952	0.960093	-0.260949	0.100631	
0.20932	-0.107948	0.92338	-0.27091	-0.960528	0.0631994	0.0797831	-0.0878338	-0.992935	0.959293	-0.263953	0.100429	
0.208511	-0.109113	0.923419	-0.273946	-0.959627	0.0637907	0.07915	-0.0885988	-0.992918	0.958482	-0.266957	0.100226	
0.207699	-0.110278	0.923458	-0.276982	-0.958716	0.0643782	0.078513	-0.0893568	-0.9929	0.957662	-0.269961	0.100022	
0.206882	-0.111441	0.923495	-0.280015	-0.957795	0.0649618	0.0778722	-0.0901079	-0.992883	0.956832	-0.272963	0.0998172	
0.206062	-0.112603	0.923532	-0.283047	-0.956864	0.0655416	0.0772276	-0.090852	-0.992865	0.955992	-0.275966	0.0996117	
0.205239	-0.113764	0.923568	-0.286077	-0.955923	0.0661175	0.0765791	-0.0915891	-0.992848	0.955142	-0.278967	0.0994052	
0.204411	-0.114923	0.923602	-0.289105	-0.954972	0.0666896	0.0759268	-0.0923193	-0.99283	0.954282	-0.281968	0.0991979	
0.20358	-0.116082	0.923636	-0.292131	-0.95401	0.067258	0.0752707	-0.0930425	-0.992813	0.953412	-0.284969	0.0989896	
0.202746	-0.117238	0.923669	-0.295155	-0.953039	0.0678227	0.0746107	-0.0937588	-0.992795	0.952532	-0.287968	0.0987803	
0.201907	-0.118394	0.923701	-0.298178	-0.952058	0.0683836	0.0739469	-0.0944681	-0.992778	0.951642	-0.290967	0.09857	
0.201065	-0.119548	0.923731	-0.301198	-0.951066	0.0689409	0.0732793	-0.0951704	-0.99276	0.950742	-0.293965	0.0983586	
0.200268	-0.1207	0.923676	-0.30419	-0.950071	0.069524	0.0724529	-0.0958452	-0.992756	0.949852	-0.296949	0.0979905	
