0.894962
0.0727701
0.071508
0.0711953
0.0708314
0.0703845
0.0698539
0.0692395
0.0685415
0.0677602
0.0668955
0.0659478
0.0649171
0.0638038
0.062608
0.0613301
0.0599702
0.0585287
0.0570059
0.0554021
0.0537176
0.0519529
0.0501082
0.0481841
0.0461809
0.0440991
0.0419392
0.0397017
0.0373871
0.0349961
0.0325292
0.0299874
0.0273713
0.0246821
0.0219212
0.0190904
0.0161927
0.0132334
0.0102235
0.00719256
0.00425616
0.00224368
0.00372447
0.00678387
0.0101433
0.0136338
0.017217
0.0208794
0.0246148
0.0284197
0.0322918
0.0362296
0.0402317
0.0442969
0.0484242
0.0526127
0.0568615
0.0611697
0.0655363
0.0699607
0.0744418
0.0789788
0.083571
0.0882174
0.0929173
0.0976697
0.102474
0.107329
0.112234
0.117188
0.122191
0.127241
0.132337
0.137479
0.142667
0.147898
0.153172
0.158489
0.163847
0.169245
0.174683
0.18016
0.185675
5.34669
0.396698
0.194954
0.208405
0.213796
0.219532
0.225288
0.231075
0.236892
0.242739
0.248614
0.254517
0.260446
0.266402
0.272383
0.278387
0.284416
0.0157796
0.000875166
4.85526e-05
2.69494e-06
1.49705e-07
8.32623e-09
4.64088e-10
2.60445e-11
1.23087e-12
3.60137e-13
5.24173e-14
1.04835e-13
2.10601e-13
2.30984e-13
9.1416e-14
2.28428e-13
2.46968e-13
2.07814e-13
2.51336e-13
1.48478e-13
6.56732e-14
9.70821e-14
1.07749e-13
1.74177e-13
3.37186e-13
2.56982e-14
3.45675e-13
1.65611e-13
1.58079e-13
4.82715e-13
4.94166e-13
3.40075e-13
2.77895e-13
1.36371e-13
3.58458e-13
6.41661e-13
1.86649e-13
4.42092e-13
2.75079e-13
3.65485e-13
1.42768e-13
2.92531e-13
1.54189e-13
2.31284e-13
5.51083e-13
4.68705e-13
3.93842e-13
3.2022e-13
2.46968e-13
1.09885e-13
3.95907e-13
1.41851e-13
1.41851e-13
1.49899e-13
9.35319e-14
3.57547e-13
1.68466e-13
6.80725e-13
9.96106e-14
2.74649e-13
3.78159e-13
2.88942e-13
3.16159e-13
2.99268e-13
2.86234e-13
1.44471e-13
1.97019e-13
1.42768e-14
1.64722e-13
5.38747e-14
3.3538e-13
2.08441e-13
4.82555e-13
2.77895e-13
3.40937e-13
4.46322e-13
9.1416e-14
2.06298e-13
2.01763e-13
3.03918e-13
7.70946e-14
3.198e-13
1.1707e-13
1.39679e-13
1.71797e-13
1.81691e-13
1.8401e-13
3.80791e-13
3.60917e-13
2.86348e-13
5.84281e-13
8.16052e-13
6.16763e-13
4.08026e-13
3.42643e-14
1.99221e-13
1.31253e-13
2.66391e-13
3.76907e-13
3.35343e-13
0.329011
0.305998
0.302319
0.297655
0.293103
0.288604
0.284164
0.279782
0.275461
0.271201
0.267002
0.262867
0.258796
0.254789
0.250849
0.246975
0.243169
0.239432
0.235764
0.232167
0.228641
0.225188
0.221808
0.218502
0.215271
0.212115
0.209037
0.206035
0.203112
0.200268
0.197504
0.19482
0.192217
0.189696
0.187258
0.184904
0.182633
0.180447
0.178346
0.176332
0.174404
0.172563
0.170809
0.169144
0.167568
0.166081
0.164684
0.163377
0.16216
0.161035
0.160001
0.159059
0.158209
0.157451
0.156787
0.156215
0.155737
0.155353
0.155062
0.154866
0.154763
0.154755
0.154842
0.155023
0.155299
0.15567
0.156135
0.156695
0.15735
0.1581
0.158944
0.159883
0.160917
0.162045
0.163267
0.164583
0.165993
0.167497
0.169094
0.170784
0.172567
0.174442
0.17641
0.178469
0.18062
0.182862
0.185194
0.187617
0.190129
0.192731
0.195421
0.1982
0.201066
0.204019
0.207059
0.210185
0.213396
0.216691
0.220071
0.223534
0.00853964
0.000326923
1.25611e-05
4.84515e-07
1.87675e-08
7.2998e-10
2.85497e-11
1.17464e-12
2.94063e-13
2.10398e-13
8.43931e-14
7.22354e-14
6.936e-14
6.87105e-14
6.8562e-14
6.85322e-14
6.85322e-14
6.85322e-14
6.85322e-14
6.85322e-14
6.85322e-14
6.85322e-14
6.85322e-14
6.85322e-14
6.85322e-14
6.85322e-14
6.85322e-14
6.85322e-14
6.85322e-14
6.85322e-14
6.85322e-14
6.85322e-14
6.85322e-14
6.85322e-14
6.85322e-14
6.85322e-14
6.85322e-14
6.85322e-14
6.85322e-14
6.85322e-14
6.85322e-14
6.85322e-14
6.85322e-14
6.85322e-14
6.85322e-14
6.85322e-14
6.85322e-14
6.85322e-14
6.85322e-14
6.85322e-14
6.85322e-14
6.85322e-14
6.85322e-14
6.85322e-14
6.85322e-14
6.85322e-14
6.85322e-14
6.85322e-14
6.85322e-14
6.85322e-14
6.85322e-14
6.85322e-14
6.85322e-14
6.85322e-14
6.85322e-14
6.85322e-14
6.85322e-14
6.85322e-14
6.85322e-14
6.85322e-14
6.85322e-14
6.85322e-14
6.85322e-14
6.85322e-14
6.85322e-14
6.85322e-14
6.85322e-14
6.85322e-14
6.85322e-14
6.85322e-14
6.85322e-14
6.85322e-14
6.85322e-14
6.85322e-14
6.85322e-14
6.85322e-14
6.85322e-14
6.85322e-14
6.85322e-14
6.85322e-14
6.85322e-14
6.85322e-14
6.85322e-14
6.85322e-14
6.85322e-14
6.85322e-14
6.85322e-14
6.85322e-14
6.85322e-14
6.85322e-14
0.21552
0.207591
0.20808
0.208326
0.208653
0.209049
0.209515
0.210049
0.210652
0.211324
0.212065
0.212875
0.213753
0.214699
0.215713
0.216795
0.217945
0.219163
0.220447
0.221799
0.223217
0.224702
0.226253
0.227869
0.229552
0.231299
0.233112
0.234989
0.23693
0.238935
0.241003
0.243135
0.245329
0.247585
0.249903
0.252283
0.254723
0.257224
0.259785
0.262406
0.265085
0.267823
0.270619
0.273473
0.276384
0.279351
0.282374
0.285452
0.288585
0.291773
0.295014
0.298308
0.301655
0.305054
0.308504
0.312005
0.315556
0.319156
0.322806
0.326503
0.330249
0.334041
0.337879
0.341764
0.345693
0.349667
0.353684
0.357744
0.361847
0.365992
0.370177
0.374403
0.378669
0.382973
0.387316
0.391697
0.396114
0.400568
0.405057
0.409581
0.414139
0.418731
0.423356
0.428012
0.4327
0.437419
0.442167
0.446945
0.451752
0.456586
0.461448
0.466336
0.47125
0.47619
0.481153
0.486141
0.491152
0.496185
0.501239
0.506315
0.0518937
