71.9926
70.1285
68.4583
67.0015
65.7725
64.7843
64.0482
63.573
63.3648
63.4261
63.7564
64.3515
65.2044
66.3051
67.6416
69.2004
70.9668
72.9259
75.0627
77.3624
79.8112
82.3956
85.1035
87.9235
90.8451
93.859
96.9566
100.13
103.373
106.71
110.118
113.542
116.981
120.434
123.898
127.374
130.859
134.344
137.827
141.306
144.783
148.257
151.727
155.195
158.66
162.121
165.58
169.035
172.487
175.937
179.382
182.825
186.264
189.7
193.133
196.562
199.988
203.41
206.829
210.244
213.655
217.063
220.467
223.867
227.264
230.657
234.045
237.43
240.811
244.188
247.562
250.93
254.295
257.656
261.013
264.365
267.713
271.057
274.396
277.731
281.062
284.388
287.71
291.027
294.339
297.647
300.951
304.249
307.543
310.832
314.116
317.396
320.67
323.94
327.204
330.464
333.718
336.968
340.212
343.451
340.999
338.544
336.087
333.628
331.166
328.703
326.237
323.769
321.298
318.826
316.351
313.874
311.395
308.914
306.431
303.946
301.458
298.969
296.477
293.983
291.487
288.989
286.489
283.987
281.483
278.977
276.468
273.958
271.446
268.931
266.415
263.896
261.376
258.854
256.329
253.803
251.274
248.744
246.212
243.677
241.141
238.603
236.063
233.521
230.977
228.431
225.884
223.334
220.783
218.23
215.674
213.117
210.559
207.998
205.435
202.871
200.305
197.737
195.167
192.596
190.022
187.447
184.871
182.292
179.712
177.13
174.546
171.961
169.373
166.785
164.194
161.602
159.008
156.412
153.815
151.216
148.616
146.014
143.41
140.805
138.198
135.589
132.979
130.368
127.754
125.14
122.523
119.905
117.286
114.665
112.043
109.419
106.794
104.167
101.539
98.9088
96.2776
93.645
91.0109
88.3755
80.0012
71.6325
63.2706
54.9177
46.5776
38.2569
29.97
21.7581
13.6813
5.92175
2.12044
3.82852
6.80423
9.87201
12.9929
16.1365
19.2886
22.445
25.6059
28.7717
31.9423
35.1179
38.2985
41.4842
44.675
47.8709
51.0721
54.2787
57.4905
60.7078
63.9306
67.1582
70.3897
73.6253
76.8648
80.1083
83.3558
86.6072
89.8624
93.1213
96.3841
99.6505
102.921
106.194
109.471
112.752
116.036
119.323
122.614
125.908
129.205
132.506
135.809
139.116
142.426
145.738
149.054
152.372
155.693
159.017
162.344
165.673
169.005
172.339
175.676
179.016
182.358
185.702
189.049
192.397
195.748
199.102
202.457
205.815
209.174
212.535
215.899
219.264
222.631
226
229.371
232.743
236.117
239.493
242.87
246.249
249.629
253.01
256.393
259.777
263.163
266.55
269.937
273.326
276.717
280.108
283.5
286.893
290.287
293.682
291.212
288.749
286.288
283.829
281.37
278.912
276.453
273.995
271.537
269.079
266.621
264.163
261.706
259.248
256.791
254.334
251.877
249.421
246.964
244.508
242.052
239.597
237.142
234.687
232.232
229.777
227.323
224.869
222.416
219.963
217.51
215.058
212.606
210.154
207.703
205.253
202.802
200.352
197.903
195.454
193.006
190.558
188.11
185.663
183.217
180.771
178.325
175.88
173.436
170.992
168.549
166.107
163.665
161.224
158.783
156.343
153.903
151.465
149.026
146.589
144.152
141.716
139.281
136.846
134.413
131.979
129.547
127.115
124.685
122.254
119.825
117.398
114.973
112.55
110.129
107.71
105.293
102.878
100.464
98.0512
95.6401
93.2303
90.8217
88.4142
86.0077
83.6022
81.1976
78.7938
76.3907
73.9882
71.5863
69.1849
66.784
64.3834
61.9831
59.583
57.1823
54.7813
52.3801
49.9787
41.8176
33.6555
25.4927
17.3297
9.16658
1.39973
2.30324
5.81568
9.16932
12.5216
15.8724
19.2213
22.568
25.9123
29.2538
32.5922
35.9269
39.2578
42.5846
45.9076
49.228
52.546
55.8614
59.1743
62.4847
65.7925
69.0978
72.4004
75.7004
78.9977
82.2922
85.584
88.873
92.1591
95.4424
98.7228
102
105.275
108.546
111.814
115.079
118.342
121.6
124.856
128.109
131.358
134.604
137.846
141.085
144.321
147.553
150.781
154.007
157.228
160.446
163.66
166.87
170.077
173.28
176.479
179.674
182.866
186.053
189.236
192.416
195.591
198.762
201.929
205.092
208.251
211.405
214.555
217.701
220.842
223.979
227.111
230.239
233.363
236.481
239.596
242.705
245.81
248.91
252.006
255.096
258.182
261.262
264.338
267.409
270.475
273.536
276.591
279.642
282.687
285.727
288.762
291.791
294.815
297.834
300.848
298.179
