0.894962
0.0727701
0.071508
0.0711953
0.0708314
0.0703845
0.0698539
0.0692395
0.0685415
0.0677602
0.0668955
0.0659478
0.0649171
0.0638038
0.062608
0.0613301
0.0599702
0.0585287
0.0570059
0.0554021
0.0537176
0.0519529
0.0501082
0.0481841
0.0461809
0.0440991
0.0419392
0.0397017
0.0373871
0.0349961
0.0325292
0.0299874
0.0273713
0.0246821
0.0219212
0.0190904
0.0161927
0.0132334
0.0102235
0.00719256
0.00425616
0.00224368
0.00372447
0.00678387
0.0101433
0.0136338
0.017217
0.0208794
0.0246148
0.0284197
0.0322918
0.0362296
0.0402317
0.0442969
0.0484242
0.0526127
0.0568615
0.0611697
0.0655363
0.0699607
0.0744418
0.0789788
0.083571
0.0882174
0.0929173
0.0976697
0.102474
0.107329
0.112234
0.117188
0.122191
0.127241
0.132337
0.137479
0.142667
0.147898
0.153172
0.158489
0.163847
0.169245
0.174683
0.18016
0.185675
0.191227
0.196815
0.202439
0.208097
0.213788
0.219513
0.225269
0.231056
0.236874
0.24272
0.248596
0.254498
0.260428
0.266384
0.272364
0.278369
0.284398
0.0157775
0.000874993
4.85398e-05
2.69405e-06
1.49646e-07
8.32263e-09
4.63589e-10
2.58449e-11
1.69082e-12
4.31763e-13
2.51336e-13
1.33684e-13
1.39912e-13
1.07294e-13
2.21764e-13
1.496e-13
9.20824e-14
3.11744e-13
2.59837e-13
1.31004e-13
1.48478e-13
4.28303e-14
1.58671e-13
2.35459e-13
1.11359e-13
1.77308e-13
1.47182e-13
1.04718e-13
9.96106e-14
2.69449e-13
2.40732e-13
9.96106e-14
2.69449e-13
3.25873e-13
1.84165e-13
1.17729e-13
1.71797e-13
1.41275e-13
1.82743e-13
6.27301e-13
3.16944e-13
1.80069e-13
5.26408e-13
2.08441e-13
4.68705e-13
4.03737e-13
6.07057e-14
3.51858e-13
1.28332e-13
1.84165e-13
8.8516e-14
9.57289e-14
2.0687e-13
1.71915e-13
1.44047e-13
2.11084e-13
5.99625e-14
1.14214e-13
3.53188e-13
9.1772e-14
2.69374e-13
4.16843e-13
1.92329e-13
4.65379e-13
9.29636e-14
3.53799e-13
3.80791e-13
4.84873e-13
4.52562e-13
3.51858e-13
2.3985e-13
2.50491e-13
3.20004e-13
5.38747e-14
2.29568e-13
4.08316e-13
2.76247e-13
4.27999e-13
3.48505e-13
6.39606e-13
4.15628e-13
1.15103e-13
5.71071e-14
3.72391e-13
4.99548e-13
2.80712e-13
2.35753e-13
4.40318e-13
2.54255e-13
3.06096e-13
1.17729e-13
2.0503e-13
5.22429e-13
1.71321e-13
2.89167e-13
3.8233e-13
1.94164e-13
5.42517e-14
2.85535e-15
2.68722e-13
0.328988
0.305978
0.302299
0.297635
0.293082
0.288583
0.284143
0.279762
0.27544
0.27118
0.266982
0.262846
0.258775
0.254768
0.250828
0.246954
0.243148
0.239411
0.235743
0.232146
0.22862
0.225167
0.221786
0.21848
0.215249
0.212094
0.209015
0.206014
0.20309
0.200246
0.197482
0.194798
0.192195
0.189674
0.187236
0.184882
0.182611
0.180425
0.178324
0.17631
0.174381
0.17254
0.170787
0.169122
0.167546
0.166059
0.164661
0.163354
0.162138
0.161012
0.159978
0.159036
0.158186
0.157429
0.156764
0.156193
0.155715
0.15533
0.15504
0.154843
0.154741
0.154733
0.154819
0.155
0.155276
0.155647
0.156112
0.156672
0.157327
0.158077
0.158922
0.159861
0.160894
0.162022
0.163244
0.16456
0.16597
0.167474
0.169071
0.170761
0.172544
0.174419
0.176387
0.178446
0.180597
0.182839
0.185172
0.187594
0.190107
0.192708
0.195399
0.198177
0.201043
0.203997
0.207037
0.210162
0.213373
0.216669
0.220048
0.223511
0.00853792
0.000326825
1.25561e-05
4.84271e-07
1.87561e-08
7.29384e-10
2.85443e-11
9.75329e-13
2.38491e-13
1.38905e-13
2.70762e-13
3.6949e-13
2.93151e-13
3.02918e-13
3.11953e-13
3.65555e-13
2.89753e-13
3.06961e-13
3.10533e-13
3.65542e-13
2.89632e-13
3.07372e-13
3.10533e-13
3.65542e-13
2.89632e-13
3.07372e-13
3.10533e-13
3.65542e-13
2.89632e-13
3.07372e-13
3.10533e-13
3.65542e-13
2.89632e-13
3.07372e-13
3.10533e-13
3.65542e-13
2.89632e-13
3.07372e-13
3.10533e-13
3.65542e-13
2.89632e-13
3.07372e-13
3.10533e-13
3.65542e-13
2.89632e-13
3.07372e-13
3.10533e-13
3.65542e-13
2.89632e-13
3.07372e-13
3.10533e-13
3.65542e-13
2.89632e-13
3.07372e-13
3.10533e-13
3.65542e-13
2.89632e-13
3.07372e-13
3.10533e-13
3.65542e-13
2.89632e-13
3.07372e-13
3.10533e-13
3.65542e-13
2.89632e-13
3.07372e-13
3.10533e-13
3.65542e-13
2.89632e-13
3.07372e-13
3.10533e-13
3.65542e-13
2.89632e-13
3.07372e-13
3.10533e-13
3.65542e-13
2.89632e-13
3.07372e-13
3.10533e-13
3.65542e-13
2.89632e-13
3.07372e-13
3.10533e-13
3.65542e-13
2.89632e-13
3.07372e-13
3.10533e-13
3.65542e-13
2.89632e-13
3.07372e-13
3.10533e-13
3.65542e-13
2.89632e-13
3.07372e-13
3.10533e-13
3.65542e-13
2.89632e-13
3.07372e-13
3.10533e-13
3.65542e-13
0.215499
0.207571
0.20806
0.208306
0.208633
0.209029
0.209494
0.210029
0.210632
0.211304
0.212045
0.212855
0.213732
0.214679
0.215693
0.216775
0.217925
0.219142
0.220427
0.221779
0.223197
0.224682
0.226233
0.227849
0.229532
0.231279
0.233092
0.234969
0.23691
0.238915
0.240983
0.243115
0.245309
0.247565
0.249884
0.252263
0.254704
0.257205
0.259766
0.262386
0.265066
0.267804
0.2706
0.273453
0.276364
0.279331
0.282354
0.285433
0.288566
0.291754
0.294995
0.298289
0.301636
0.305035
0.308485
0.311986
0.315537
0.319137
0.322787
0.326484
0.33023
0.334022
0.337861
0.341745
0.345674
0.349648
0.353665
0.357726
0.361829
0.365973
0.370159
0.374385
0.37865
0.382955
0.387298
0.391678
0.396096
0.40055
0.405039
0.409563
0.414121
0.418713
0.423338
0.427994
0.432682
0.437401
0.44215
0.446928
0.451734
0.456569
0.461431
0.466319
0.471233
0.476172
0.481136
0.486124
0.491134
0.496167
0.501222
0.506298
0.05189
