65.4365
56.8374
48.2512
39.6779
31.1177
22.5707
14.0379
5.52468
0.428785
0.465459
0.480768
0.485758
0.486425
0.485217
0.483131
0.480577
0.477719
0.474627
0.471328
0.467834
0.46415
0.460279
0.456223
0.451981
0.447556
0.442947
0.438156
0.433183
0.428029
0.422696
0.417183
0.411492
0.405624
0.399579
0.393359
0.386965
0.380397
0.373658
0.366747
0.359666
0.352417
0.344999
0.337416
0.329667
0.321754
0.313678
0.305441
0.297043
0.288487
0.279773
0.270904
0.261879
0.252702
0.243372
0.233892
0.224264
0.214488
0.204566
0.1945
0.184291
0.173942
0.163453
0.152827
0.142065
0.13117
0.120143
0.108988
0.0977058
0.0863011
0.0747783
0.0631444
0.0514114
0.0396039
0.0277864
0.0162101
0.00701625
0.0118362
0.0233219
0.0356249
0.048209
0.060968
0.0738664
0.0868885
0.100026
0.113272
0.126624
0.140079
0.153633
0.167284
0.181031
0.194871
0.208802
0.222822
0.23693
0.251123
0.265232
0.270751
0.276731
0.282714
0.288721
0.0162576
0.000915134
5.15293e-05
2.9031e-06
1.63705e-07
9.24406e-09
5.23204e-10
2.9922e-11
1.9071e-12
4.98666e-14
1.21724e-12
1.13156e-12
9.20824e-14
2.40732e-13
1.25636e-13
2.91652e-13
1.48506e-13
3.42643e-14
1.17641e-12
4.34014e-13
2.16179e-13
1.25113e-12
7.22495e-13
2.71259e-13
3.08392e-13
7.09255e-14
1.29219e-13
5.99625e-14
1.06264e-13
8.39474e-13
5.28241e-13
8.5011e-13
1.95857e-13
2.08441e-13
3.6833e-13
4.15628e-13
4.33412e-13
4.33572e-13
6.95268e-310
2.56982e-14
1.37532e-13
2.85535e-13
2.65548e-13
1.12524e-13
2.35459e-13
2.58201e-13
3.9975e-14
5.90064e-13
1.00567e-12
1.37931e-12
1.08471e-12
1.04506e-12
1.20583e-12
1.0318e-12
1.0438e-12
6.36328e-13
1.09652e-12
6.92504e-13
6.34788e-13
7.2127e-13
9.43845e-13
1.00978e-12
9.86235e-14
7.65235e-13
9.3962e-13
3.29654e-13
9.86235e-14
1.42768e-13
5.71071e-14
1.34202e-13
1.14214e-13
1.25636e-13
6.62448e-13
4.93241e-13
5.30336e-13
7.69448e-13
6.26313e-13
3.77436e-13
1.87064e-13
6.57011e-13
1.21127e-12
2.49774e-13
1.2331e-13
2.99799e-13
1.67105e-13
4.10258e-13
1.19156e-12
7.06474e-13
7.7148e-13
8.30241e-13
5.08862e-13
1.31346e-13
1.28332e-13
1.20366e-13
1.51334e-13
1.15916e-12
9.6511e-13
5.49424e-13
3.84658e-13
1.64722e-13
0.21069
0.246152
0.257493
0.256381
0.250796
0.243648
0.236035
0.228363
0.220785
0.213356
0.206102
0.199031
0.192148
0.185459
0.178964
0.172668
0.166572
0.160679
0.154992
0.149513
0.144244
0.139187
0.134343
0.129715
0.125302
0.121106
0.117127
0.113365
0.109817
0.106483
0.103361
0.100445
0.0977329
0.0952186
0.0928962
0.0907585
0.0887979
0.0870057
0.0853727
0.0838892
0.082545
0.0813298
0.0802333
0.0792452
0.0783554
0.0775547
0.0768339
0.0761851
0.0756009
0.075075
0.0746022
0.0741785
0.073801
0.0734682
0.0731798
0.0729369
0.072742
0.072599
0.0725131
0.0724906
0.0725395
0.0726686
0.072888
0.0732085
0.0736419
0.0742004
0.0748966
0.0757432
0.0767525
0.0779367
0.079307
0.080874
0.0826468
0.0846336
0.0868412
0.089275
0.0919389
0.0948357
0.0979669
0.101333
0.104933
0.108767
0.112831
0.117123
0.121641
0.12638
0.131337
0.136509
0.141892
0.147481
0.153274
0.159265
0.165451
0.171829
0.178395
0.185145
0.192076
0.199185
0.206468
0.213923
0.00846453
0.000335748
1.33704e-05
5.34685e-07
2.14772e-08
8.66733e-10
3.55241e-11
1.82056e-12
6.15688e-13
3.77526e-13
2.43102e-13
1.2788e-13
8.24602e-14
2.1653e-13
9.19053e-14
1.50895e-13
1.07861e-13
4.69186e-14
1.67915e-13
9.73971e-14
1.53262e-13
1.06264e-13
4.5708e-14
1.67915e-13
9.72199e-14
1.53262e-13
1.06264e-13
4.60537e-14
1.68056e-13
9.72199e-14
1.53262e-13
1.06264e-13
4.5708e-14
1.67915e-13
9.72199e-14
1.53262e-13
1.06264e-13
4.60537e-14
1.67915e-13
9.72199e-14
1.53394e-13
1.06264e-13
4.58808e-14
1.67915e-13
9.72199e-14
1.53262e-13
1.06264e-13
4.58808e-14
1.67915e-13
9.77516e-14
1.53527e-13
1.06086e-13
4.60537e-14
1.68056e-13
9.75744e-14
1.53527e-13
1.06796e-13
4.5708e-14
1.68197e-13
9.75744e-14
1.53527e-13
1.06796e-13
4.5708e-14
1.68197e-13
9.75744e-14
1.53527e-13
1.06796e-13
4.5708e-14
1.68197e-13
9.75744e-14
1.53394e-13
1.06619e-13
4.5708e-14
1.68197e-13
9.75744e-14
1.53527e-13
1.06796e-13
4.5708e-14
1.68197e-13
9.75744e-14
1.53527e-13
1.06796e-13
4.5708e-14
1.68197e-13
9.75744e-14
1.53527e-13
1.06796e-13
4.5708e-14
1.68197e-13
9.75744e-14
4.17462e-14
1.69755e-13
9.66883e-14
1.53925e-13
1.06264e-13
5.12574e-14
1.70751e-13
9.63338e-14
1.54191e-13
1.06264e-13
0.134064
0.178875
0.194038
0.199416
0.201631
0.202889
0.203927
0.204989
0.206157
0.207459
0.208902
0.21049
0.212223
0.214102
0.216127
0.218296
0.220611
0.22307
0.225673
0.227938
0.229302
0.230772
0.232307
0.233908
0.235574
0.237305
0.239101
0.240962
0.242886
0.244874
0.246926
0.24904
0.251218
0.253457
0.255758
0.25812
0.260543
0.263027
0.26557
0.268173
0.270835
0.273555
0.276334
0.27917
0.282062
0.285012
0.288017
0.291077
0.294193
0.297362
0.300585
0.303862
0.30719
0.310571
0.314003
0.317486
0.321019
0.324601
0.328233
0.331912
0.335639
0.339414
0.343234
0.3471
0.351012
0.354967
0.358967
0.363009
0.367094
0.371221
0.375389
0.379597
0.383844
0.388131
0.392457
0.39682
0.401219
0.405656
0.410127
0.414634
0.419175
0.42375
0.428357
0.432996
0.437667
0.442369
0.447101
0.451862
0.456652
0.46147
0.466315
0.471186
0.476084
0.481007
0.485955
0.490926
0.49592
0.500938
0.505976
0.511037
0.0528777
