69.7691
65.5517
61.4019
57.327
53.3371
49.4462
45.6727
42.0419
38.5874
35.3547
32.4036
29.8208
27.7337
26.2605
25.5077
25.5388
26.3511
27.6326
28.9174
30.1973
31.4718
32.7405
34.0029
35.2587
36.5073
37.7483
38.9811
40.2052
41.4202
42.6255
43.8205
45.0046
46.1774
47.3382
48.4865
49.6216
50.7429
51.8526
52.9523
54.0417
55.1208
56.1895
57.2476
58.2949
59.3315
60.357
61.3714
62.3746
63.3665
64.3468
65.3155
66.2725
67.2175
68.1505
69.0714
69.9799
70.8761
71.7597
72.6306
73.4887
74.3338
75.1659
75.9847
76.7902
77.5822
78.3605
79.1252
79.8759
80.6127
81.3352
82.0435
82.7374
83.4168
84.0814
84.7313
85.3662
85.986
86.5906
87.1799
87.7537
88.3118
88.8543
89.3808
89.8913
90.3857
90.8638
91.3256
91.7707
92.1992
92.6109
93.0057
93.3833
93.7438
94.087
94.4127
94.7208
95.0111
95.2836
95.5381
95.7745
90.5334
85.2876
80.0363
74.7795
69.5172
64.2495
58.9766
53.6984
48.4152
43.1269
37.8351
32.5422
27.2482
21.9534
16.6585
11.6133
6.98656
2.74762
0.191769
0.0178003
0.00165735
0.000154885
1.45389e-05
1.37193e-06
1.30253e-07
1.24532e-08
1.20009e-09
1.16647e-10
1.11588e-11
1.10026e-12
2.76247e-13
2.62693e-13
1.44471e-13
5.71071e-14
2.47083e-13
1.02156e-13
4.06705e-13
5.72895e-13
3.06469e-13
4.81464e-13
3.71854e-13
2.35459e-13
6.31802e-13
1.71321e-13
2.14589e-13
2.7813e-13
2.44162e-13
5.38747e-13
1.33684e-13
2.58437e-13
1.84165e-13
1.48478e-13
4.56857e-14
1.37532e-13
1.02156e-13
5.13964e-13
4.77109e-13
1.78408e-13
9.31319e-13
3.10696e-13
2.66391e-13
1.01958e-12
4.85645e-13
2.05586e-13
1.29219e-13
4.5814e-13
6.85285e-14
1.88367e-13
1.37532e-13
1.25636e-13
2.99799e-13
3.65664e-13
6.46093e-14
2.92531e-13
3.23047e-13
2.92531e-13
3.66199e-13
4.33412e-13
8.2361e-14
3.20615e-13
5.71071e-14
7.03693e-13
3.56999e-13
9.76648e-13
4.45435e-13
5.85062e-13
3.71854e-13
3.32597e-13
3.93003e-13
7.99499e-14
5.71071e-14
3.76734e-13
1.50212e-12
8.27482e-13
1.599e-13
7.42392e-13
2.14589e-13
6.68421e-13
5.34737e-13
2.32952e-13
1.52746
2.90023
4.17639
5.35721
6.45133
7.46688
8.41142
9.29183
10.1185
10.9021
11.6476
12.358
13.0357
13.6831
14.3024
14.8955
15.4659
16.0481
16.6414
17.2457
17.8609
18.4868
19.1232
19.7701
20.4273
21.0946
21.7719
22.459
23.1558
23.8622
24.578
25.303
26.0372
26.7803
27.5323
28.293
29.0622
29.8398
30.6257
31.4197
32.2217
33.0315
33.849
34.674
35.5064
36.3461
37.193
38.0467
38.9074
39.7747
40.6485
41.5287
42.4152
43.3078
44.2064
45.1107
46.0208
46.9363
47.8573
48.7835
49.7147
50.6509
51.5919
52.5376
53.4877
54.4422
55.4008
56.3635
57.3301
58.3005
59.2744
60.2518
61.2325
62.2163
63.2031
64.1927
65.185
66.1799
67.1771
68.1765
69.178
70.1813
71.1865
72.1927
73.1994
74.2068
75.2149
76.2245
77.2364
78.2504
79.2663
80.2838
81.3026
82.3225
83.3432
84.3643
85.3855
86.4065
87.4271
88.4467
83.68
78.9121
74.1405
69.3678
64.5939
59.819
55.043
50.2662
45.4886
40.7103
35.9314
31.152
26.3721
21.5919
16.884
12.4018
8.13455
4.07221
0.222866
0.0154936
0.00107711
7.48804e-05
5.20566e-06
3.61896e-07
2.51591e-08
1.74918e-09
1.21687e-10
8.75503e-12
8.31096e-13
6.30218e-13
4.85322e-13
5.98306e-13
8.80847e-13
3.69386e-13
5.86262e-13
8.84566e-13
3.6822e-13
5.85387e-13
8.84877e-13
3.68113e-13
5.85309e-13
8.84912e-13
3.68091e-13
5.85269e-13
8.84912e-13
3.68091e-13
5.85269e-13
8.84912e-13
3.68113e-13
5.85269e-13
8.84912e-13
3.68091e-13
5.85269e-13
8.84912e-13
3.68091e-13
5.85269e-13
8.84912e-13
3.68091e-13
5.85269e-13
8.84912e-13
3.68113e-13
5.85269e-13
8.84912e-13
3.68091e-13
5.85269e-13
8.84912e-13
3.68091e-13
5.85269e-13
8.84912e-13
3.68091e-13
5.85269e-13
8.84912e-13
3.68113e-13
5.85269e-13
8.84912e-13
3.68091e-13
5.85269e-13
8.84912e-13
3.68091e-13
5.85269e-13
8.84912e-13
3.68091e-13
5.85269e-13
8.84912e-13
3.68113e-13
5.85269e-13
8.84912e-13
3.68091e-13
5.85269e-13
8.84912e-13
3.68091e-13
5.85269e-13
8.84912e-13
3.68091e-13
5.85269e-13
8.84912e-13
3.68113e-13
5.85269e-13
8.84912e-13
3.68091e-13
1.81259
3.53801
5.18033
6.74343
8.23097
9.6464
10.993
12.2738
13.4918
14.6496
15.7498
16.7948
17.787
18.7509
19.7118
20.6694
21.6232
22.5729
23.5183
24.4589
25.3943
26.3242
27.2482
28.1658
29.0766
29.9802
30.8761
31.764
32.6433
33.5136
34.3743
35.2251
36.0654
36.8947
37.7125
38.5182
39.3115
40.0917
40.8583
41.6108
42.3486
43.0725
43.7848
44.4858
45.1759
45.8549
46.5227
47.179
47.8237
48.4567
49.0779
49.6871
50.2842
50.8691
51.4417
52.0019
52.5495
53.0843
53.6064
54.1155
54.6115
55.0943
55.5638
56.0199
56.4624
56.8912
57.3062
57.7073
58.0943
58.4671
58.8256
59.1696
59.4991
59.8139
60.1139
60.399
60.669
60.9239
61.1634
61.3875
61.5961
61.7889
61.966
62.1272
62.2723
62.4013
62.5139
62.6102
62.6899
62.7529
62.7992
62.8286
62.8409
62.8361
62.814
62.7746
62.7176
62.643
62.5506
62.4403
56.8424
