1
0.00755021	-0.691859	-0.0100418	1.91545	0.00110056	0.346405	-0.00708172	
0.0163357	-0.691203	-0.0214746	1.9133	0.00118112	0.347854	-0.014805	
0.0243863	-0.691238	-0.0320182	1.91308	0.00141329	0.348002	-0.0217378	
0.0324516	-0.691315	-0.0425796	1.91282	0.00164304	0.348175	-0.028686	
0.0405132	-0.691425	-0.0531353	1.9125	0.00187173	0.348387	-0.0356305	
0.04857	-0.691571	-0.0636837	1.91213	0.00209884	0.348638	-0.04257	
0.056621	-0.691751	-0.0742232	1.9117	0.00232388	0.348927	-0.0495035	
0.0646652	-0.691965	-0.0847524	1.91121	0.00254631	0.349255	-0.05643	
0.0727017	-0.692214	-0.0952698	1.91066	0.00276564	0.349622	-0.0633484	
0.0807295	-0.692496	-0.105774	1.91006	0.00298136	0.350027	-0.0702577	
0.0887477	-0.692813	-0.116263	1.90939	0.00319297	0.35047	-0.0771568	
0.0967554	-0.693163	-0.126737	1.90867	0.00339999	0.350952	-0.0840448	
0.104752	-0.693547	-0.137192	1.9079	0.00360194	0.351471	-0.0909206	
0.112736	-0.693964	-0.147629	1.90706	0.00379834	0.352029	-0.0977833	
0.120707	-0.694415	-0.158046	1.90617	0.00398872	0.352626	-0.104632	
0.128663	-0.694898	-0.16844	1.90522	0.00417263	0.35326	-0.111465	
0.136605	-0.695414	-0.178812	1.90422	0.00434962	0.353932	-0.118283	
0.144531	-0.695962	-0.189159	1.90315	0.00451925	0.354642	-0.125084	
0.152441	-0.696543	-0.199481	1.90203	0.0046811	0.355389	-0.131866	
0.160333	-0.697155	-0.209775	1.90085	0.00483476	0.356174	-0.13863	
0.168207	-0.697799	-0.220042	1.89962	0.00497982	0.356997	-0.145374	
0.176063	-0.698474	-0.230279	1.89833	0.00511589	0.357857	-0.152098	
0.183899	-0.69918	-0.240485	1.89698	0.00524259	0.358754	-0.158801	
0.191715	-0.699916	-0.250659	1.89557	0.00535956	0.359689	-0.165481	
0.19951	-0.700683	-0.2608	1.89411	0.00546645	0.36066	-0.172138	
0.207283	-0.701479	-0.270908	1.89259	0.00556291	0.361669	-0.178772	
0.215034	-0.702306	-0.28098	1.89102	0.00564862	0.362714	-0.185381	
0.222763	-0.703161	-0.291015	1.88939	0.00572327	0.363795	-0.191964	
0.230468	-0.704045	-0.301014	1.8877	0.00578657	0.364913	-0.198522	
0.238149	-0.704957	-0.310974	1.88596	0.00583822	0.366067	-0.205053	
0.245806	-0.705897	-0.320894	1.88416	0.00587797	0.367258	-0.211556	
0.253438	-0.706865	-0.330775	1.8823	0.00590555	0.368484	-0.218032	
0.261044	-0.70786	-0.340614	1.88039	0.00592072	0.369746	-0.224478	
0.268625	-0.708882	-0.350411	1.87842	0.00592327	0.371044	-0.230896	
0.27618	-0.70993	-0.360165	1.8764	0.00591297	0.372378	-0.237283	
0.283708	-0.711004	-0.369876	1.87432	0.00588963	0.373746	-0.24364	
0.291209	-0.712103	-0.379541	1.87218	0.00585307	0.37515	-0.249967	
0.298682	-0.713228	-0.389162	1.86999	0.00580311	0.376589	-0.256261	
0.306128	-0.714377	-0.398736	1.86774	0.00573961	0.378063	-0.262524	
0.313546	-0.71555	-0.408264	1.86544	0.00566242	0.379571	-0.268754	
0.320936	-0.716747	-0.417744	1.86309	0.00557141	0.381113	-0.274951	
0.328298	-0.717967	-0.427176	1.86068	0.00546647	0.38269	-0.281114	
0.335631	-0.71921	-0.43656	1.85821	0.0053475	0.384301	-0.287244	
0.342935	-0.720475	-0.445894	1.85569	0.0052144	0.385946	-0.29334	
0.350211	-0.721762	-0.455178	1.85311	0.00506711	0.387625	-0.299401	
0.357457	-0.723071	-0.464412	1.85048	0.00490556	0.389337	-0.305427	
0.364674	-0.724401	-0.473595	1.8478	0.0047297	0.391083	-0.311418	
0.371862	-0.725751	-0.482726	1.84506	0.00453948	0.392861	-0.317374	
0.37902	-0.727121	-0.491806	1.84226	0.00433489	0.394673	-0.323293	
0.386149	-0.728511	-0.500834	1.83942	0.00411591	0.396518	-0.329177	
0.393249	-0.72992	-0.509809	1.83652	0.00388252	0.398395	-0.335024	
0.400319	-0.731347	-0.518732	1.83356	0.00363473	0.400304	-0.340835	
0.40736	-0.732793	-0.527601	1.83055	0.00337257	0.402246	-0.346609	
0.414372	-0.734257	-0.536416	1.82749	0.00309604	0.40422	-0.352346	
0.421355	-0.735739	-0.545178	1.82437	0.00280519	0.406226	-0.358046	
0.428308	-0.737237	-0.553885	1.8212	0.00250006	0.408263	-0.363709	
0.435232	-0.738751	-0.562539	1.81798	0.0021807	0.410332	-0.369335	
0.442128	-0.740282	-0.571138	1.8147	0.00184717	0.412432	-0.374923	
0.448995	-0.741828	-0.579682	1.81137	0.00149954	0.414564	-0.380473	
0.455833	-0.74339	-0.588171	1.80798	0.00113788	0.416726	-0.385986	
0.462643	-0.744966	-0.596606	1.80455	0.000762268	0.418919	-0.391461	
0.469424	-0.746557	-0.604985	1.80106	0.000372804	0.421143	-0.396899	
0.476178	-0.748162	-0.613309	1.79752	-3.04223e-05	0.423397	-0.402298	
0.482904	-0.74978	-0.621578	1.79392	-0.000447309	0.425682	-0.40766	
0.489602	-0.751411	-0.629792	1.79027	-0.00087775	0.427996	-0.412985	
0.496274	-0.753055	-0.63795	1.78657	-0.00132163	0.430341	-0.418271	
0.502918	-0.754712	-0.646053	1.78282	-0.00177884	0.432715	-0.42352	
0.509536	-0.75638	-0.654101	1.77901	-0.00224925	0.435119	-0.428731	
0.516127	-0.75806	-0.662093	1.77516	-0.00273274	0.437553	-0.433904	
0.522692	-0.759751	-0.67003	1.77125	-0.00322917	0.440015	-0.43904	
0.529232	-0.761453	-0.677912	1.76728	-0.00373842	0.442507	-0.444138	
0.535746	-0.763165	-0.685739	1.76327	-0.00426035	0.445028	-0.449199	
0.542236	-0.764887	-0.693511	1.7592	-0.00479481	0.447578	-0.454223	
0.5487	-0.766619	-0.701228	1.75508	-0.00534167	0.450156	-0.459209	
0.555141	-0.76836	-0.70889	1.75091	-0.00590078	0.452763	-0.464159	
0.561558	-0.77011	-0.716497	1.74669	-0.006472	0.455398	-0.469071	
0.567951	-0.771869	-0.72405	1.74242	-0.00705518	0.458062	-0.473947	
0.574321	-0.773636	-0.731548	1.73809	-0.00765016	0.460753	-0.478786	
0.580668	-0.775411	-0.738993	1.73371	-0.00825679	0.463473	-0.483589	
0.586994	-0.777193	-0.746383	1.72928	-0.00887493	0.466221	-0.488355	
0.593297	-0.778983	-0.753719	1.7248	-0.00950443	0.468996	-0.493085	
0.599579	-0.78078	-0.761002	1.72027	-0.0101451	0.471799	-0.49778	
0.605841	-0.782583	-0.768231	1.71568	-0.0107969	0.474629	-0.502438	
0.612082	-0.784393	-0.775407	1.71104	-0.0114595	0.477487	-0.507061	
0.618302	-0.786209	-0.78253	1.70636	-0.0121328	0.480373	-0.511649	
0.624504	-0.788031	-0.789601	1.70162	-0.0128168	0.483285	-0.516201	
0.630686	-0.789858	-0.796619	1.69682	-0.0135112	0.486225	-0.520719	
0.63685	-0.79169	-0.803584	1.69198	-0.0142158	0.489191	-0.525201	
0.642995	-0.793528	-0.810498	1.68708	-0.0149306	0.492185	-0.52965	
0.649123	-0.795369	-0.81736	1.68214	-0.0156554	0.495205	-0.534064	
0.655234	-0.797216	-0.824171	1.67714	-0.01639	0.498253	-0.538444	
0.661329	-0.799066	-0.83093	1.67209	-0.0171343	0.501327	-0.54279	
0.667407	-0.80092	-0.837639	1.66698	-0.0178882	0.504427	-0.547103	
0.67347	-0.802778	-0.844297	1.66183	-0.0186514	0.507554	-0.551383	
0.679517	-0.804639	-0.850905	1.65662	-0.0194239	0.510708	-0.555629	
0.68555	-0.806504	-0.857462	1.65136	-0.0202055	0.513888	-0.559843	
0.691569	-0.808371	-0.863971	1.64605	-0.0209961	0.517095	-0.564024	
0.697575	-0.810241	-0.87043	1.64069	-0.0217956	0.520328	-0.568174	
0.703567	-0.812113	-0.87684	1.63527	-0.0226037	0.523587	-0.572291	
0.709547	-0.813987	-0.883201	1.6298	-0.0234205	0.526873	-0.576376	
0.710936	-0.81525	-0.882749	1.62976	-0.0275312	0.526973	-0.583394	
0.712317	-0.816551	-0.882304	1.62979	-0.0316498	0.527038	-0.590435	
0.713697	-0.817852	-0.881857	1.62981	-0.0357684	0.527109	-0.597476	
0.715077	-0.819152	-0.881408	1.62984	-0.0398869	0.527185	-0.604518	
0.716456	-0.820453	-0.880957	1.62986	-0.0440052	0.527268	-0.61156	
0.717834	-0.821753	-0.880503	1.62989	-0.0481233	0.527357	-0.618602	
0.719212	-0.823054	-0.880048	1.62992	-0.0522411	0.527451	-0.625645	
0.720589	-0.824354	-0.879591	1.62994	-0.0563586	0.527552	-0.632688	
0.721966	-0.825654	-0.879132	1.62997	-0.0604758	0.527658	-0.639732	
0.723342	-0.826953	-0.87867	1.63	-0.0645925	0.527771	-0.646777	
0.724717	-0.828253	-0.878207	1.63002	-0.0687088	0.527889	-0.653822	
0.726092	-0.829553	-0.877741	1.63005	-0.0728245	0.528013	-0.660868	
0.727467	-0.830852	-0.877273	1.63008	-0.0769397	0.528144	-0.667915	
0.72884	-0.832151	-0.876804	1.63011	-0.0810544	0.52828	-0.674963	
0.730214	-0.83345	-0.876332	1.63013	-0.0851683	0.528422	-0.682012	
0.731587	-0.83475	-0.875858	1.63016	-0.0892816	0.528571	-0.689061	
0.732959	-0.836049	-0.875383	1.63019	-0.0933942	0.528725	-0.696112	
0.734331	-0.837348	-0.874905	1.63022	-0.0975059	0.528885	-0.703164	
0.735703	-0.838646	-0.874425	1.63025	-0.101617	0.529052	-0.710217	
0.737074	-0.839945	-0.873943	1.63027	-0.105727	0.529224	-0.717271	
0.738445	-0.841244	-0.873459	1.6303	-0.109836	0.529402	-0.724327	
0.739816	-0.842543	-0.872974	1.63033	-0.113944	0.529586	-0.731384	
0.741186	-0.843842	-0.872486	1.63036	-0.118051	0.529777	-0.738442	
0.742556	-0.84514	-0.871996	1.63039	-0.122157	0.529973	-0.745502	
0.743926	-0.846439	-0.871504	1.63042	-0.126262	0.530175	-0.752564	
0.745295	-0.847738	-0.87101	1.63045	-0.130366	0.530384	-0.759627	
0.746665	-0.849036	-0.870514	1.63048	-0.134468	0.530598	-0.766692	
0.748034	-0.850335	-0.870016	1.63051	-0.13857	0.530819	-0.773758	
0.749403	-0.851633	-0.869516	1.63054	-0.14267	0.531045	-0.780826	
0.750771	-0.852932	-0.869015	1.63057	-0.146768	0.531278	-0.787896	
0.75214	-0.854231	-0.868511	1.6306	-0.150865	0.531516	-0.794968	
0.753508	-0.85553	-0.868005	1.63063	-0.154961	0.531761	-0.802042	
0.754877	-0.856828	-0.867497	1.63065	-0.159055	0.532011	-0.809118	
0.756245	-0.858127	-0.866987	1.63069	-0.163148	0.532268	-0.816196	
0.757613	-0.859426	-0.866475	1.63072	-0.167239	0.532531	-0.823276	
0.758981	-0.860725	-0.865961	1.63075	-0.171328	0.5328	-0.830359	
0.760349	-0.862024	-0.865446	1.63078	-0.175416	0.533075	-0.837443	
0.761717	-0.863323	-0.864928	1.63081	-0.179502	0.533356	-0.84453	
0.763085	-0.864622	-0.864408	1.63084	-0.183586	0.533643	-0.851619	
0.764453	-0.865921	-0.863886	1.63087	-0.187668	0.533936	-0.858711	
0.765821	-0.86722	-0.863363	1.6309	-0.191749	0.534235	-0.865805	
0.767189	-0.86852	-0.862837	1.63093	-0.195827	0.53454	-0.872902	
0.768557	-0.869819	-0.862309	1.63096	-0.199904	0.534852	-0.880002	
0.769926	-0.871119	-0.86178	1.63099	-0.203978	0.535169	-0.887104	
0.771294	-0.872418	-0.861248	1.63102	-0.208051	0.535493	-0.894209	
0.772662	-0.873718	-0.860714	1.63105	-0.212121	0.535822	-0.901316	
0.774031	-0.875018	-0.860179	1.63108	-0.216189	0.536158	-0.908427	
0.7754	-0.876318	-0.859641	1.63111	-0.220254	0.5365	-0.91554	
0.776768	-0.877618	-0.859102	1.63115	-0.224318	0.536848	-0.922656	
0.778137	-0.878918	-0.85856	1.63118	-0.228379	0.537202	-0.929776	
0.779507	-0.880218	-0.858017	1.63121	-0.232438	0.537562	-0.936898	
0.780876	-0.881519	-0.857471	1.63124	-0.236494	0.537928	-0.944024	
0.782246	-0.882819	-0.856924	1.63127	-0.240548	0.538301	-0.951153	
0.783616	-0.88412	-0.856374	1.6313	-0.244599	0.538679	-0.958285	
0.784986	-0.885421	-0.855823	1.63133	-0.248648	0.539064	-0.96542	
0.786356	-0.886722	-0.85527	1.63136	-0.252694	0.539454	-0.972559	
0.787727	-0.888023	-0.854714	1.6314	-0.256737	0.539851	-0.979702	
0.789098	-0.889324	-0.854157	1.63143	-0.260777	0.540254	-0.986847	
0.790469	-0.890626	-0.853598	1.63146	-0.264815	0.540663	-0.993997	
0.79184	-0.891927	-0.853036	1.63149	-0.26885	0.541079	-1.00115	
0.793212	-0.893229	-0.852473	1.63152	-0.272882	0.5415	-1.00831	
0.794584	-0.894531	-0.851908	1.63155	-0.276911	0.541927	-1.01547	
0.795957	-0.895833	-0.851341	1.63159	-0.280937	0.542361	-1.02263	
0.79733	-0.897135	-0.850771	1.63162	-0.28496	0.542801	-1.0298	
0.798703	-0.898437	-0.8502	1.63165	-0.288979	0.543247	-1.03697	
0.800077	-0.899739	-0.849627	1.63168	-0.292996	0.543699	-1.04415	
0.801451	-0.901042	-0.849052	1.63171	-0.297009	0.544157	-1.05133	
0.802826	-0.902345	-0.848475	1.63174	-0.301019	0.544621	-1.05851	
0.804201	-0.903648	-0.847896	1.63177	-0.305026	0.545092	-1.0657	
0.805576	-0.904951	-0.847314	1.63181	-0.30903	0.545568	-1.07289	
0.806952	-0.906254	-0.846731	1.63184	-0.31303	0.546051	-1.08009	
0.808328	-0.907557	-0.846146	1.63187	-0.317026	0.54654	-1.08729	
0.809705	-0.90886	-0.845559	1.6319	-0.321019	0.547035	-1.0945	
0.811082	-0.910164	-0.84497	1.63193	-0.325008	0.547536	-1.10171	
0.81246	-0.911468	-0.844379	1.63196	-0.328994	0.548043	-1.10892	
0.813838	-0.912772	-0.843786	1.63199	-0.332976	0.548556	-1.11614	
0.815217	-0.914076	-0.843191	1.63202	-0.336954	0.549076	-1.12336	
0.816596	-0.91538	-0.842594	1.63206	-0.340929	0.549601	-1.13059	
0.817976	-0.916684	-0.841995	1.63209	-0.344899	0.550133	-1.13782	
0.819356	-0.917989	-0.841394	1.63212	-0.348866	0.550671	-1.14506	
0.820737	-0.919293	-0.840791	1.63215	-0.352828	0.551215	-1.15231	
0.822118	-0.920598	-0.840186	1.63218	-0.356787	0.551765	-1.15955	
0.8235	-0.921903	-0.839579	1.63221	-0.360742	0.552321	-1.16681	
0.824882	-0.923208	-0.83897	1.63224	-0.364692	0.552883	-1.17406	
0.826265	-0.924513	-0.838359	1.63227	-0.368638	0.553451	-1.18133	
0.827649	-0.925818	-0.837746	1.6323	-0.37258	0.554026	-1.1886	
0.829033	-0.927123	-0.837131	1.63233	-0.376518	0.554606	-1.19587	
0.830418	-0.928428	-0.836514	1.63236	-0.380451	0.555193	-1.20315	
0.831803	-0.929734	-0.835895	1.63239	-0.38438	0.555785	-1.21043	
0.833189	-0.931039	-0.835274	1.63243	-0.388304	0.556384	-1.21772	
0.834576	-0.932345	-0.834651	1.63246	-0.392224	0.556989	-1.22501	
0.835963	-0.933651	-0.834026	1.63249	-0.396139	0.557599	-1.23231	
0.83735	-0.934956	-0.833399	1.63252	-0.40005	0.558216	-1.23962	
0.838739	-0.936262	-0.83277	1.63255	-0.403956	0.558839	-1.24693	
0.840128	-0.937568	-0.832139	1.63258	-0.407857	0.559468	-1.25425	
0.841517	-0.938874	-0.831506	1.63261	-0.411753	0.560103	-1.26157	
0.842907	-0.94018	-0.830871	1.63264	-0.415645	0.560744	-1.2689	
0.844298	-0.941486	-0.830234	1.63267	-0.419531	0.561391	-1.27623	
0.84569	-0.942792	-0.829595	1.6327	-0.423413	0.562044	-1.28357	
0.847082	-0.944098	-0.828954	1.63272	-0.427289	0.562703	-1.29092	
0.842802	-0.93956	-0.824017	1.63472	-0.426092	0.56128	-1.28545	
0.838537	-0.934994	-0.819024	1.63656	-0.424893	0.559952	-1.27998	
0.834255	-0.930434	-0.813978	1.63833	-0.4237	0.558664	-1.2745	
0.829955	-0.925879	-0.80888	1.64004	-0.422514	0.557418	-1.26902	
0.825637	-0.921329	-0.803728	1.64168	-0.421336	0.556212	-1.26354	
0.821301	-0.916785	-0.798524	1.64326	-0.420166	0.555048	-1.25805	
0.816946	-0.912248	-0.793268	1.64478	-0.419005	0.553925	-1.25255	
0.812574	-0.907718	-0.787958	1.64623	-0.417853	0.552844	-1.24705	
0.808182	-0.903195	-0.782597	1.64761	-0.416711	0.551804	-1.24155	
0.803773	-0.898681	-0.777183	1.64893	-0.415581	0.550806	-1.23604	
0.799345	-0.894175	-0.771717	1.65019	-0.414462	0.54985	-1.23052	
0.794899	-0.889678	-0.7662	1.65138	-0.413355	0.548936	-1.225	
0.790435	-0.885191	-0.760631	1.65251	-0.412262	0.548065	-1.21947	
0.785952	-0.880714	-0.755011	1.65357	-0.411182	0.547235	-1.21393	
0.78145	-0.876248	-0.74934	1.65457	-0.410116	0.546449	-1.20839	
0.776931	-0.871792	-0.743617	1.65551	-0.409066	0.545705	-1.20285	
0.772394	-0.867348	-0.737845	1.65638	-0.408031	0.545003	-1.19729	
0.767838	-0.862916	-0.732022	1.65718	-0.407013	0.544345	-1.19173	
0.763265	-0.858496	-0.72615	1.65792	-0.406013	0.543729	-1.18616	
0.758674	-0.854088	-0.720227	1.6586	-0.40503	0.543157	-1.18059	
0.754065	-0.849694	-0.714256	1.65921	-0.404066	0.542627	-1.17501	
0.749439	-0.845313	-0.708236	1.65975	-0.403122	0.542141	-1.16942	
0.744796	-0.840946	-0.702167	1.66024	-0.402197	0.541699	-1.16382	
0.740136	-0.836593	-0.69605	1.66065	-0.401294	0.5413	-1.15822	
0.735459	-0.832254	-0.689886	1.661	-0.400413	0.540944	-1.1526	
0.730766	-0.82793	-0.683675	1.66129	-0.399553	0.540632	-1.14698	
0.726056	-0.823622	-0.677416	1.66152	-0.398717	0.540364	-1.14136	
0.721331	-0.819328	-0.671112	1.66167	-0.397905	0.54014	-1.13572	
0.71659	-0.815051	-0.664761	1.66177	-0.397117	0.53996	-1.13008	
0.711834	-0.810789	-0.658366	1.6618	-0.396355	0.539823	-1.12442	
0.707063	-0.806544	-0.651925	1.66176	-0.395619	0.539731	-1.11876	
0.702277	-0.802315	-0.64544	1.66166	-0.394909	0.539682	-1.11309	
0.697478	-0.798102	-0.638912	1.6615	-0.394227	0.539678	-1.10741	
0.692664	-0.793907	-0.63234	1.66127	-0.393573	0.539718	-1.10173	
0.687838	-0.789729	-0.625726	1.66098	-0.392948	0.539802	-1.09603	
0.682999	-0.785567	-0.619069	1.66062	-0.392352	0.539931	-1.09033	
0.678147	-0.781423	-0.612371	1.6602	-0.391787	0.540104	-1.08461	
0.673284	-0.777297	-0.605633	1.65971	-0.391252	0.540321	-1.07889	
0.668409	-0.773188	-0.598854	1.65916	-0.390749	0.540583	-1.07316	
0.663523	-0.769097	-0.592035	1.65855	-0.390278	0.540889	-1.06742	
0.658627	-0.765024	-0.585178	1.65787	-0.38984	0.54124	-1.06167	
0.653721	-0.760968	-0.578282	1.65712	-0.389436	0.541635	-1.05591	
0.648806	-0.75693	-0.571349	1.65632	-0.389065	0.542075	-1.05014	
0.643883	-0.75291	-0.564379	1.65544	-0.388729	0.542559	-1.04437	
0.638951	-0.748908	-0.557372	1.65451	-0.388429	0.543088	-1.03858	
0.634012	-0.744924	-0.55033	1.65351	-0.388165	0.543661	-1.03279	
0.629067	-0.740957	-0.543254	1.65244	-0.387937	0.544279	-1.02699	
0.624115	-0.737009	-0.536143	1.65131	-0.387746	0.544942	-1.02118	
0.619158	-0.733077	-0.528998	1.65012	-0.387592	0.545649	-1.01536	
0.614195	-0.729164	-0.521822	1.64886	-0.387477	0.546401	-1.00953	
0.609229	-0.725267	-0.514613	1.64754	-0.387401	0.547198	-1.00369	
0.604259	-0.721388	-0.507373	1.64616	-0.387364	0.548039	-0.997845	
0.599286	-0.717526	-0.500102	1.64471	-0.387366	0.548925	-0.991991	
0.594311	-0.713681	-0.492802	1.6432	-0.387409	0.549855	-0.986129	
0.589335	-0.709852	-0.485473	1.64162	-0.387493	0.55083	-0.98026	
0.584358	-0.70604	-0.478116	1.63998	-0.387617	0.55185	-0.974382	
0.57938	-0.702245	-0.470731	1.63827	-0.387783	0.552915	-0.968497	
0.574404	-0.698465	-0.46332	1.6365	-0.387992	0.554024	-0.962605	
0.569429	-0.6947	-0.455882	1.63467	-0.388242	0.555177	-0.956705	
0.564456	-0.690951	-0.448419	1.63278	-0.388536	0.556376	-0.950799	
0.559485	-0.687217	-0.440932	1.63082	-0.388873	0.557619	-0.944886	
0.554518	-0.683498	-0.433421	1.62879	-0.389253	0.558906	-0.938966	
0.549556	-0.679793	-0.425888	1.62671	-0.389677	0.560238	-0.933041	
0.544598	-0.676102	-0.418331	1.62456	-0.390146	0.561615	-0.927109	
0.539647	-0.672424	-0.410754	1.62234	-0.390659	0.563037	-0.921172	
0.534701	-0.668759	-0.403155	1.62006	-0.391217	0.564502	-0.915229	
0.529763	-0.665107	-0.395536	1.61772	-0.391821	0.566013	-0.909282	
0.524832	-0.661467	-0.387898	1.61532	-0.392469	0.567568	-0.90333	
0.51991	-0.657839	-0.380241	1.61285	-0.393164	0.569168	-0.897373	
0.514997	-0.654222	-0.372566	1.61031	-0.393905	0.570812	-0.891413	
0.510094	-0.650616	-0.364873	1.60772	-0.394692	0.572501	-0.885449	
0.505202	-0.647019	-0.357163	1.60506	-0.395526	0.574234	-0.879482	
0.50032	-0.643433	-0.349437	1.60234	-0.396406	0.576012	-0.873512	
0.495451	-0.639855	-0.341695	1.59955	-0.397334	0.577834	-0.867539	
0.490594	-0.636286	-0.333939	1.5967	-0.398309	0.579701	-0.861565	
0.48575	-0.632725	-0.326167	1.59379	-0.399331	0.581613	-0.855589	
0.48092	-0.629171	-0.318382	1.59081	-0.400401	0.583569	-0.849611	
0.476105	-0.625623	-0.310583	1.58777	-0.401518	0.58557	-0.843633	
0.471304	-0.622082	-0.302772	1.58466	-0.402684	0.587615	-0.837655	
0.466519	-0.618545	-0.294947	1.5815	-0.403898	0.589706	-0.831677	
0.46175	-0.615014	-0.287111	1.57827	-0.40516	0.59184	-0.825699	
0.456998	-0.611486	-0.279263	1.57497	-0.40647	0.59402	-0.819723	
0.452263	-0.607962	-0.271403	1.57161	-0.40783	0.596244	-0.813748	
0.447546	-0.604441	-0.263533	1.56819	-0.409238	0.598512	-0.807775	
0.442847	-0.600921	-0.255652	1.5647	-0.410695	0.600826	-0.801805	
0.438167	-0.597402	-0.247761	1.56116	-0.412201	0.603184	-0.795837	
0.433505	-0.593884	-0.23986	1.55754	-0.413757	0.605588	-0.789873	
0.428864	-0.590366	-0.23195	1.55387	-0.415362	0.608036	-0.783913	
0.424243	-0.586846	-0.224029	1.55012	-0.417017	0.610529	-0.777958	
0.419642	-0.583324	-0.2161	1.54632	-0.418722	0.613067	-0.772008	
0.415062	-0.5798	-0.208161	1.54245	-0.420476	0.61565	-0.766063	
0.410504	-0.576273	-0.200213	1.53852	-0.422281	0.618279	-0.760124	
0.405967	-0.572741	-0.192256	1.53452	-0.424136	0.620952	-0.754191	
0.401452	-0.569204	-0.184291	1.53046	-0.426042	0.623671	-0.748266	
0.39696	-0.565661	-0.176316	1.52633	-0.427999	0.626436	-0.742348	
0.39249	-0.562112	-0.168332	1.52214	-0.430007	0.629246	-0.736438	
0.388043	-0.558554	-0.16034	1.51789	-0.432066	0.632101	-0.730536	
0.383619	-0.554989	-0.152338	1.51357	-0.434176	0.635003	-0.724644	
0.379219	-0.551414	-0.144327	1.50918	-0.436339	0.63795	-0.718761	
0.374842	-0.547829	-0.136306	1.50473	-0.438554	0.640943	-0.712888	
0.374883	-0.547813	-0.136339	1.50468	-0.43854	0.640966	-0.712944	
0.374902	-0.547819	-0.136359	1.50469	-0.43853	0.640957	-0.712963	
0.374922	-0.547824	-0.136379	1.50469	-0.438519	0.640948	-0.712982	
0.374941	-0.54783	-0.1364	1.5047	-0.438509	0.640939	-0.713	
0.374961	-0.547835	-0.13642	1.5047	-0.438499	0.640931	-0.713019	
0.374981	-0.547841	-0.13644	1.50471	-0.438488	0.640922	-0.713038	
0.375001	-0.547846	-0.136461	1.50471	-0.438478	0.640914	-0.713058	
0.375021	-0.547851	-0.136482	1.50472	-0.438467	0.640906	-0.713077	
0.375041	-0.547856	-0.136502	1.50472	-0.438456	0.640898	-0.713096	
0.375061	-0.547861	-0.136523	1.50473	-0.438445	0.64089	-0.713116	
0.375081	-0.547866	-0.136544	1.50473	-0.438435	0.640882	-0.713135	
0.375102	-0.547871	-0.136565	1.50474	-0.438424	0.640875	-0.713155	
0.375122	-0.547876	-0.136586	1.50474	-0.438413	0.640867	-0.713175	
0.375143	-0.547881	-0.136607	1.50474	-0.438402	0.64086	-0.713195	
0.375164	-0.547886	-0.136628	1.50475	-0.438391	0.640853	-0.713215	
0.375185	-0.54789	-0.136649	1.50475	-0.438379	0.640846	-0.713235	
0.375206	-0.547895	-0.136671	1.50475	-0.438368	0.640839	-0.713255	
0.375227	-0.547899	-0.136692	1.50476	-0.438357	0.640832	-0.713276	
0.375248	-0.547904	-0.136714	1.50476	-0.438345	0.640825	-0.713296	
0.375269	-0.547908	-0.136735	1.50476	-0.438334	0.640819	-0.713317	
0.375291	-0.547913	-0.136757	1.50476	-0.438322	0.640813	-0.713338	
0.375312	-0.547917	-0.136779	1.50477	-0.438311	0.640807	-0.713359	
0.375334	-0.547921	-0.136801	1.50477	-0.438299	0.640801	-0.71338	
0.375356	-0.547925	-0.136823	1.50477	-0.438287	0.640795	-0.713401	
0.375378	-0.54793	-0.136845	1.50477	-0.438275	0.640789	-0.713422	
0.3754	-0.547934	-0.136867	1.50477	-0.438263	0.640783	-0.713443	
0.375422	-0.547938	-0.136889	1.50477	-0.438251	0.640778	-0.713465	
0.375444	-0.547941	-0.136912	1.50478	-0.438239	0.640773	-0.713486	
0.375467	-0.547945	-0.136934	1.50478	-0.438227	0.640768	-0.713508	
0.375489	-0.547949	-0.136957	1.50478	-0.438215	0.640763	-0.71353	
0.375512	-0.547953	-0.136979	1.50478	-0.438203	0.640758	-0.713552	
0.375534	-0.547956	-0.137002	1.50478	-0.43819	0.640753	-0.713574	
0.375557	-0.54796	-0.137025	1.50478	-0.438178	0.640748	-0.713596	
0.37558	-0.547963	-0.137048	1.50478	-0.438165	0.640744	-0.713619	
0.375604	-0.547967	-0.137071	1.50478	-0.438152	0.64074	-0.713641	
0.375627	-0.54797	-0.137094	1.50478	-0.43814	0.640736	-0.713664	
0.37565	-0.547974	-0.137117	1.50478	-0.438127	0.640732	-0.713687	
0.375674	-0.547977	-0.13714	1.50478	-0.438114	0.640728	-0.71371	
0.375698	-0.54798	-0.137164	1.50478	-0.438101	0.640724	-0.713733	
0.375721	-0.547983	-0.137187	1.50478	-0.438088	0.640721	-0.713756	
0.375745	-0.547986	-0.137211	1.50478	-0.438075	0.640717	-0.713779	
0.375769	-0.547989	-0.137235	1.50478	-0.438061	0.640714	-0.713802	
0.375794	-0.547992	-0.137259	1.50478	-0.438048	0.640711	-0.713826	
0.375818	-0.547995	-0.137283	1.50478	-0.438035	0.640708	-0.71385	
0.375842	-0.547997	-0.137307	1.50477	-0.438021	0.640706	-0.713874	
0.375867	-0.548	-0.137331	1.50477	-0.438007	0.640703	-0.713898	
0.375892	-0.548003	-0.137355	1.50477	-0.437994	0.6407	-0.713922	
0.375917	-0.548005	-0.137379	1.50477	-0.43798	0.640698	-0.713946	
0.375942	-0.548008	-0.137404	1.50477	-0.437966	0.640696	-0.713971	
0.375967	-0.54801	-0.137429	1.50476	-0.437952	0.640694	-0.713995	
0.375992	-0.548012	-0.137453	1.50476	-0.437938	0.640692	-0.71402	
0.376018	-0.548015	-0.137478	1.50476	-0.437924	0.64069	-0.714045	
0.376044	-0.548017	-0.137503	1.50476	-0.43791	0.640689	-0.71407	
0.376069	-0.548019	-0.137528	1.50475	-0.437895	0.640687	-0.714095	
0.376095	-0.548021	-0.137554	1.50475	-0.437881	0.640686	-0.71412	
0.376122	-0.548023	-0.137579	1.50475	-0.437866	0.640685	-0.714146	
0.376148	-0.548025	-0.137604	1.50474	-0.437852	0.640684	-0.714172	
0.376174	-0.548027	-0.13763	1.50474	-0.437837	0.640683	-0.714197	
0.376201	-0.548028	-0.137656	1.50474	-0.437822	0.640683	-0.714223	
0.376228	-0.54803	-0.137682	1.50473	-0.437807	0.640682	-0.714249	
0.376255	-0.548032	-0.137708	1.50473	-0.437792	0.640682	-0.714276	
0.376282	-0.548033	-0.137734	1.50472	-0.437777	0.640682	-0.714302	
0.376309	-0.548035	-0.13776	1.50472	-0.437762	0.640682	-0.714329	
0.376336	-0.548036	-0.137786	1.50471	-0.437746	0.640682	-0.714356	
0.376364	-0.548037	-0.137813	1.50471	-0.437731	0.640683	-0.714383	
0.376392	-0.548038	-0.137839	1.5047	-0.437715	0.640683	-0.71441	
0.376419	-0.54804	-0.137866	1.5047	-0.4377	0.640684	-0.714437	
0.376448	-0.548041	-0.137893	1.50469	-0.437684	0.640685	-0.714464	
0.376476	-0.548042	-0.13792	1.50469	-0.437668	0.640686	-0.714492	
0.376504	-0.548042	-0.137947	1.50468	-0.437652	0.640687	-0.71452	
0.376533	-0.548043	-0.137975	1.50468	-0.437636	0.640688	-0.714548	
0.376562	-0.548044	-0.138002	1.50467	-0.43762	0.64069	-0.714576	
0.376591	-0.548045	-0.13803	1.50466	-0.437603	0.640691	-0.714605	
0.37662	-0.548045	-0.138058	1.50466	-0.437587	0.640693	-0.714633	
0.376649	-0.548046	-0.138086	1.50465	-0.43757	0.640695	-0.714662	
0.376679	-0.548046	-0.138114	1.50464	-0.437553	0.640697	-0.714691	
0.376708	-0.548046	-0.138142	1.50464	-0.437537	0.6407	-0.71472	
0.376738	-0.548047	-0.138171	1.50463	-0.43752	0.640702	-0.714749	
0.376768	-0.548047	-0.138199	1.50462	-0.437503	0.640705	-0.714779	
0.376799	-0.548047	-0.138228	1.50461	-0.437485	0.640708	-0.714808	
0.376829	-0.548047	-0.138257	1.5046	-0.437468	0.640711	-0.714838	
0.37686	-0.548047	-0.138286	1.5046	-0.437451	0.640714	-0.714869	
0.376891	-0.548047	-0.138315	1.50459	-0.437433	0.640718	-0.714899	
0.376922	-0.548046	-0.138345	1.50458	-0.437416	0.640721	-0.714929	
0.376953	-0.548046	-0.138374	1.50457	-0.437398	0.640725	-0.71496	
0.376985	-0.548045	-0.138404	1.50456	-0.43738	0.640729	-0.714991	
0.377017	-0.548045	-0.138434	1.50455	-0.437362	0.640733	-0.715022	
0.377049	-0.548044	-0.138464	1.50454	-0.437343	0.640737	-0.715054	
0.377081	-0.548044	-0.138494	1.50453	-0.437325	0.640742	-0.715085	
0.377113	-0.548043	-0.138525	1.50452	-0.437307	0.640747	-0.715117	
0.377146	-0.548042	-0.138555	1.50451	-0.437288	0.640752	-0.715149	
0.377179	-0.548041	-0.138586	1.5045	-0.437269	0.640757	-0.715181	
0.377212	-0.54804	-0.138617	1.50449	-0.43725	0.640762	-0.715214	
0.377245	-0.548039	-0.138649	1.50448	-0.437231	0.640767	-0.715247	
0.377279	-0.548037	-0.13868	1.50447	-0.437212	0.640773	-0.715279	
0.377312	-0.548036	-0.138712	1.50446	-0.437193	0.640779	-0.715313	
0.377347	-0.548034	-0.138743	1.50445	-0.437173	0.640785	-0.715346	
0.377381	-0.548033	-0.138776	1.50443	-0.437154	0.640791	-0.71538	
0.377415	-0.548031	-0.138808	1.50442	-0.437134	0.640798	-0.715414	
0.37745	-0.548029	-0.13884	1.50441	-0.437114	0.640804	-0.715448	
0.385277	-0.550006	-0.148125	1.50449	-0.436967	0.640774	-0.73077	
0.393153	-0.551922	-0.157391	1.50433	-0.436847	0.640891	-0.746124	
0.40103	-0.553856	-0.166618	1.50411	-0.436774	0.641051	-0.761454	
0.408909	-0.555808	-0.175807	1.50383	-0.436751	0.641253	-0.776762	
0.416791	-0.55778	-0.184957	1.50349	-0.436776	0.641497	-0.792046	
0.424674	-0.55977	-0.194067	1.5031	-0.43685	0.641784	-0.807307	
0.432559	-0.56178	-0.203137	1.50266	-0.436974	0.642114	-0.822544	
0.440446	-0.56381	-0.212165	1.50215	-0.437148	0.642486	-0.837756	
0.448332	-0.56586	-0.221152	1.50159	-0.437371	0.6429	-0.852944	
0.45622	-0.567931	-0.230095	1.50097	-0.437644	0.643357	-0.868106	
0.464107	-0.570022	-0.238994	1.5003	-0.437967	0.643857	-0.883243	
0.471993	-0.572135	-0.247847	1.49957	-0.438341	0.6444	-0.898353	
0.479879	-0.574268	-0.256655	1.49878	-0.438766	0.644985	-0.913438	
0.487763	-0.576424	-0.265416	1.49793	-0.439241	0.645613	-0.928496	
0.495645	-0.578601	-0.27413	1.49703	-0.439767	0.646285	-0.943527	
0.503524	-0.5808	-0.282794	1.49607	-0.440344	0.646999	-0.958531	
0.5114	-0.583022	-0.291408	1.49506	-0.440972	0.647756	-0.973508	
0.519273	-0.585266	-0.299971	1.49398	-0.441651	0.648556	-0.988457	
0.527141	-0.587533	-0.308483	1.49285	-0.442381	0.649399	-1.00338	
0.535004	-0.589823	-0.316941	1.49166	-0.443162	0.650285	-1.01827	
0.542863	-0.592135	-0.325346	1.49042	-0.443994	0.651214	-1.03314	
0.550715	-0.594471	-0.333696	1.48912	-0.444876	0.652186	-1.04797	
0.558561	-0.59683	-0.34199	1.48776	-0.44581	0.653201	-1.06278	
0.566399	-0.599213	-0.350226	1.48634	-0.446794	0.654259	-1.07757	
0.57423	-0.601619	-0.358405	1.48487	-0.447828	0.655361	-1.09232	
0.582053	-0.604048	-0.366525	1.48334	-0.448913	0.656505	-1.10704	
0.589866	-0.606501	-0.374585	1.48175	-0.450048	0.657693	-1.12174	
0.59767	-0.608978	-0.382584	1.48011	-0.451233	0.658923	-1.13641	
0.605463	-0.611478	-0.390521	1.47841	-0.452467	0.660197	-1.15105	
0.613246	-0.614001	-0.398395	1.47665	-0.45375	0.661513	-1.16566	
0.621017	-0.616548	-0.406205	1.47483	-0.455083	0.662873	-1.18025	
0.628776	-0.619119	-0.41395	1.47296	-0.456463	0.664275	-1.19481	
0.636522	-0.621712	-0.42163	1.47103	-0.457892	0.665721	-1.20934	
0.644254	-0.624329	-0.429242	1.46904	-0.459368	0.667209	-1.22384	
0.651972	-0.626969	-0.436787	1.46699	-0.460892	0.66874	-1.23832	
0.659676	-0.629632	-0.444264	1.46489	-0.462462	0.670314	-1.25277	
0.667364	-0.632318	-0.451671	1.46273	-0.464078	0.67193	-1.26719	
0.675036	-0.635026	-0.459008	1.46052	-0.46574	0.673589	-1.28159	
0.682691	-0.637756	-0.466274	1.45824	-0.467447	0.675291	-1.29597	
0.690329	-0.640508	-0.473468	1.45591	-0.469198	0.677034	-1.31032	
0.697949	-0.643282	-0.48059	1.45352	-0.470992	0.678821	-1.32464	
0.705551	-0.646077	-0.487638	1.45107	-0.47283	0.680649	-1.33894	
0.713134	-0.648893	-0.494611	1.44857	-0.474709	0.682519	-1.35322	
0.720696	-0.65173	-0.501511	1.44601	-0.476631	0.684432	-1.36748	
0.728239	-0.654587	-0.508334	1.44339	-0.478593	0.686386	-1.38171	
0.735761	-0.657464	-0.515082	1.44071	-0.480594	0.688381	-1.39592	
0.743261	-0.66036	-0.521753	1.43798	-0.482635	0.690419	-1.41011	
0.75074	-0.663275	-0.528346	1.43519	-0.484715	0.692497	-1.42428	
0.758196	-0.666209	-0.534862	1.43234	-0.486831	0.694617	-1.43843	
0.765629	-0.669161	-0.5413	1.42943	-0.488984	0.696778	-1.45256	
0.773039	-0.67213	-0.547658	1.42646	-0.491173	0.69898	-1.46667	
0.780425	-0.675116	-0.553938	1.42344	-0.493396	0.701222	-1.48077	
0.787787	-0.678118	-0.560138	1.42036	-0.495653	0.703504	-1.49485	
0.795124	-0.681136	-0.566258	1.41722	-0.497943	0.705827	-1.50891	
0.802436	-0.684168	-0.572297	1.41403	-0.500264	0.70819	-1.52295	
0.809722	-0.687216	-0.578256	1.41077	-0.502617	0.710593	-1.53698	
0.816983	-0.690277	-0.584135	1.40746	-0.504999	0.713035	-1.551	
0.824218	-0.69335	-0.589932	1.40409	-0.507409	0.715516	-1.56501	
0.831426	-0.696437	-0.595648	1.40066	-0.509848	0.718037	-1.579	
0.838607	-0.699534	-0.601283	1.39717	-0.512313	0.720596	-1.59298	
0.845761	-0.702643	-0.606836	1.39363	-0.514803	0.723194	-1.60695	
0.852888	-0.705762	-0.612308	1.39003	-0.517318	0.72583	-1.62091	
0.859987	-0.708889	-0.617699	1.38636	-0.519857	0.728504	-1.63486	
0.867059	-0.712026	-0.623008	1.38264	-0.522418	0.731215	-1.6488	
0.874103	-0.71517	-0.628236	1.37886	-0.525001	0.733964	-1.66273	
0.881119	-0.71832	-0.633382	1.37503	-0.527603	0.73675	-1.67666	
0.888106	-0.721477	-0.638448	1.37113	-0.530225	0.739573	-1.69058	
0.895065	-0.724639	-0.643432	1.36717	-0.532865	0.742432	-1.7045	
0.901996	-0.727805	-0.648336	1.36316	-0.535522	0.745327	-1.71841	
0.908899	-0.730974	-0.653159	1.35909	-0.538195	0.748258	-1.73232	
0.915773	-0.734145	-0.657902	1.35495	-0.540883	0.751224	-1.74622	
0.922619	-0.737318	-0.662566	1.35076	-0.543585	0.754226	-1.76013	
0.929436	-0.740492	-0.66715	1.34651	-0.5463	0.757262	-1.77403	
0.936225	-0.743665	-0.671654	1.34219	-0.549027	0.760332	-1.78794	
0.942985	-0.746837	-0.67608	1.33782	-0.551764	0.763437	-1.80184	
0.949718	-0.750006	-0.680428	1.33339	-0.554512	0.766575	-1.81575	
0.956422	-0.753172	-0.684699	1.3289	-0.557268	0.769747	-1.82966	
0.963099	-0.756334	-0.688892	1.32434	-0.560032	0.772952	-1.84357	
0.969747	-0.759491	-0.693008	1.31973	-0.562802	0.776189	-1.85748	
0.976368	-0.762642	-0.697048	1.31505	-0.565579	0.779458	-1.8714	
0.982962	-0.765785	-0.701013	1.31032	-0.568361	0.78276	-1.88533	
0.989529	-0.76892	-0.704903	1.30552	-0.571146	0.786093	-1.89926	
0.996068	-0.772046	-0.708719	1.30066	-0.573935	0.789457	-1.9132	
1.00258	-0.775162	-0.712461	1.29574	-0.576726	0.792852	-1.92714	
1.00907	-0.778266	-0.716131	1.29075	-0.579519	0.796277	-1.9411	
1.01553	-0.781359	-0.719729	1.2857	-0.582312	0.799733	-1.95506	
1.02196	-0.784438	-0.723255	1.28059	-0.585104	0.803218	-1.96903	
1.02837	-0.787503	-0.726712	1.27542	-0.587896	0.806732	-1.98302	
1.03476	-0.790553	-0.730098	1.27019	-0.590685	0.810276	-1.99701	
1.04112	-0.793587	-0.733416	1.26488	-0.593472	0.813848	-2.01102	
1.04746	-0.796603	-0.736665	1.25952	-0.596255	0.817448	-2.02504	
1.05377	-0.799601	-0.739848	1.25409	-0.599034	0.821077	-2.03907	
1.06006	-0.80258	-0.742965	1.2486	-0.601809	0.824733	-2.05311	
1.06633	-0.805539	-0.746016	1.24304	-0.604577	0.828416	-2.06717	
1.07257	-0.808477	-0.749003	1.23741	-0.607339	0.832126	-2.08125	
1.0788	-0.811392	-0.751926	1.23172	-0.610095	0.835863	-2.09534	
1.085	-0.814284	-0.754787	1.22596	-0.612843	0.839626	-2.10944	
1.09118	-0.817152	-0.757587	1.22014	-0.615583	0.843415	-2.12356	
1.09734	-0.819994	-0.760325	1.21424	-0.618314	0.847229	-2.1377	
1.10349	-0.822811	-0.763005	1.20828	-0.621036	0.851069	-2.15186	
1.10357	-0.822531	-0.763057	1.20795	-0.621026	0.851249	-2.15179	
