4.41444
0.210169
0.166573
0.167329
0.167287
0.167235
0.16718
0.167121
0.167058
0.166992
0.166923
0.16685
0.166774
0.166694
0.166611
0.166524
0.166434
0.16634
0.166242
0.166141
0.166036
0.165927
0.165815
0.165698
0.165578
0.165454
0.165326
0.165195
0.165059
0.164919
0.164775
0.164628
0.164476
0.16432
0.16416
0.163996
0.163828
0.163656
0.16348
0.1633
0.163116
0.162928
0.162735
0.162539
0.162339
0.162135
0.161927
0.161715
0.1615
0.16128
0.161057
0.160831
0.1606
0.160367
0.16013
0.159889
0.159645
0.159398
0.159148
0.158895
0.158639
0.15838
0.158118
0.157853
0.157586
0.157316
0.157044
0.15677
0.156494
0.156215
0.155935
0.155652
0.155368
0.155083
0.154796
0.154507
0.154217
0.153926
0.153634
0.153341
0.153048
0.152753
0.152459
0.152164
0.151868
0.151573
0.151277
0.150982
0.150687
0.150392
0.150098
0.149805
0.149512
0.149221
0.148931
0.148642
0.148354
0.148068
0.147784
0.147502
0.0109609
0.00941545
0.00939747
0.00939879
0.00940024
0.00940215
0.00940451
0.00940736
0.0094107
0.00941454
0.00941889
0.00942378
0.00942921
0.00943519
0.00944174
0.00944886
0.00945655
0.00946484
0.00947373
0.00948322
0.00949333
0.00950405
0.0095154
0.00952738
0.00953999
0.00955323
0.00956712
0.00958164
0.00959681
0.00961262
0.00962907
0.00964616
0.0096639
0.00968227
0.00970128
0.00972092
0.00974119
0.00976209
0.0097836
0.00980573
0.00982847
0.00985181
0.00987574
0.00990025
0.00992535
0.009951
0.00997722
0.010004
0.0100313
0.0100591
0.0100875
0.0101163
0.0101456
0.0101755
0.0102057
0.0102365
0.0102676
0.0102992
0.0103312
0.0103636
0.0103964
0.0104295
0.010463
0.0104968
0.010531
0.0105654
0.0106001
0.0106351
0.0106704
0.0107058
0.0107415
0.0107774
0.0108135
0.0108498
0.0108862
0.0109227
0.0109594
0.0109961
0.011033
0.0110699
0.0111068
0.0111438
0.0111808
0.0112178
0.0112547
0.0112917
0.0113285
0.0113654
0.0114021
0.0114387
0.0114752
0.0115116
0.0115478
0.0115838
0.0116197
0.0116553
0.0116908
0.011726
0.011761
0.0117957
0.16326
0.162742
0.162776
0.162826
0.162869
0.162903
0.162929
0.162945
0.162952
0.162949
0.162936
0.162912
0.162877
0.16283
0.162772
0.162701
0.162618
0.162521
0.162411
0.162286
0.162148
0.161995
0.161826
0.161642
0.161442
0.161226
0.160993
0.160743
0.160476
0.160191
0.159888
0.159567
0.159227
0.158868
0.15849
0.158093
0.157676
0.157239
0.156782
0.156305
0.155808
0.15529
0.154751
0.154192
0.153612
0.153011
0.152389
0.151746
0.151083
0.150399
0.149694
0.148968
0.148222
0.147456
0.146669
0.145863
0.145036
0.14419
0.143325
0.142441
0.141538
0.140616
0.139677
0.138719
0.137744
0.136752
0.135744
0.134719
0.133679
0.132623
0.131552
0.130467
0.129368
0.128256
0.127131
0.125993
0.124844
0.123683
0.122512
0.12133
0.120139
0.118939
0.117731
0.116514
0.115291
0.114061
0.112826
0.111586
0.110341
0.109092
0.107841
0.106587
0.105332
0.104077
0.102822
0.101568
0.100317
0.0990686
0.0978251
0.0965872
0.00412614
0.00413239
0.00414021
0.00414817
0.0041563
0.00416458
0.00417301
0.0041816
0.00419035
0.00419927
0.00420834
0.00421757
0.00422697
0.00423653
0.00424626
0.00425616
0.00426622
0.00427645
0.00428686
0.00429744
0.00430819
0.00431912
0.00433022
0.00434151
0.00435297
0.00436462
0.00437645
0.00438847
0.00440068
0.00441307
0.00442566
0.00443844
0.00445142
0.0044646
0.00447797
0.00449155
0.00450533
0.00451932
0.00453352
0.00454793
0.00456255
0.00457739
0.00459245
0.00460773
0.00462324
0.00463897
0.00465494
0.00467113
0.00468756
0.00470423
0.00472114
0.0047383
0.0047557
0.00477336
0.00479127
0.00480943
0.00482786
0.00484655
0.00486552
0.00488475
0.00490426
0.00492405
0.00494412
0.00496448
0.00498513
0.00500608
0.00502733
0.00504888
0.00507074
0.00509291
0.0051154
0.00513822
0.00516136
0.00518483
0.00520864
0.00523279
0.00525729
0.00528215
0.00530736
0.00533293
0.00535888
0.0053852
0.0054119
0.00543899
0.00546647
0.00549435
0.00552264
0.00555134
0.00558046
0.00561001
0.00563999
0.00567041
0.00570127
0.0057326
0.00576438
0.00579664
0.00582937
0.00586259
0.00589631
0.00593053
0.312039
0.313141
0.31391
0.314787
0.315658
0.316524
0.317384
0.318237
0.319085
0.319925
0.320757
0.321582
0.322399
0.323207
0.324006
0.324796
0.325575
0.326345
0.327104
0.327851
0.328587
0.32931
0.330021
0.330719
0.331404
0.332075
0.332731
0.333372
0.333999
0.33461
0.335204
0.335783
0.336345
0.33689
0.337417
0.337927
0.338418
0.338892
0.339347
0.339783
0.340201
0.340599
0.340979
0.341339
0.341679
0.342
0.342302
0.342585
0.342847
0.343091
0.343315
0.343521
0.343707
0.343874
0.344022
0.344153
0.344265
0.344358
0.344435
0.344494
0.344535
0.34456
0.344569
0.344561
0.344538
0.3445
0.344446
0.344378
0.344296
0.3442
0.34409
0.343967
0.343832
0.343685
0.343525
0.343354
0.343172
0.342979
0.342775
0.342562
0.342338
0.342104
0.341862
0.34161
0.341349
0.34108
0.340802
0.340516
0.340222
0.339919
0.339609
0.339291
0.338966
0.338632
0.338291
0.337942
0.337586
0.337221
0.336849
0.336469
0.0351626
