73.8206
75.1471
78.797
84.4708
91.7949
100.41
110.012
120.368
131.298
142.671
154.389
166.45
178.826
191.271
203.771
216.316
228.896
241.505
254.138
266.786
279.423
292.045
304.65
317.238
329.809
342.361
354.896
367.411
379.908
392.385
404.842
417.278
423.965
419.18
414.384
409.579
404.764
399.939
395.104
390.259
385.406
380.542
375.669
370.787
365.895
360.994
356.084
351.165
346.236
341.299
336.352
331.397
326.432
321.459
316.477
311.486
306.486
301.478
296.461
291.436
286.402
281.36
276.31
271.251
266.184
261.109
238.609
216.178
193.84
171.628
149.595
127.83
106.402
85.3344
64.9959
46.3388
32.3842
29.8567
34.0865
41.8752
51.6093
62.3971
73.7878
85.549
97.5538
109.728
122.026
134.418
146.884
159.409
171.984
184.601
197.253
209.937
222.647
235.382
248.139
260.914
273.707
274.143
268.413
262.706
257.025
251.371
245.749
240.161
234.612
229.103
223.641
218.229
212.872
207.576
202.346
197.189
192.111
187.122
182.221
177.339
172.463
167.588
162.715
157.851
152.995
148.146
143.302
138.464
133.631
128.803
123.978
119.157
114.339
109.524
98.9635
76.899
54.8197
32.7367
11.0304
2.22034
14.8215
27.2177
39.59
51.9331
64.252
76.5563
88.8453
101.119
113.376
125.617
137.842
150.049
162.238
174.409
186.561
198.693
210.806
222.898
234.969
247.018
259.045
271.05
283.031
294.988
306.92
318.828
330.71
342.566
