39.5134
6.29454
0.156074
0.18003
0.1699
0.156597
0.14113
0.123566
0.103979
0.082507
0.0594694
0.0360337
0.0201956
0.0345399
0.0631847
0.0956648
0.130469
0.1672
0.205681
0.245798
0.28746
0.330588
0.375104
0.420935
0.468007
0.516247
0.565585
0.615946
0.667261
0.719458
0.772466
0.826215
0.563727
0.0320334
0.00181892
0.000103322
5.87246e-06
3.34082e-07
1.90326e-08
1.08645e-09
6.21237e-11
3.86476e-12
2.94323e-13
1.66323e-13
4.87923e-13
7.13839e-14
7.19663e-13
3.73964e-13
1.05579e-12
6.56713e-13
8.13776e-13
4.42092e-13
7.80677e-13
4.90398e-13
3.61459e-13
3.66599e-13
2.05605e-13
9.50833e-13
6.29015e-13
1.50767e-13
3.67898e-13
3.71196e-14
3.42559e-13
3.8233e-13
2.64687e-13
4.57748e-14
0.95166
0.860133
0.823015
0.785015
0.748841
0.714456
0.68194
0.651367
0.622808
0.59633
0.572
0.549877
0.53002
0.51248
0.497306
0.484543
0.474228
0.466396
0.461076
0.458291
0.458059
0.460392
0.465296
0.472774
0.482819
0.495423
0.510567
0.528232
0.54839
0.571007
0.596047
0.623465
0.653215
0.218218
0.0087327
0.000350219
1.4096e-05
5.69562e-07
2.31102e-08
9.42085e-10
3.90238e-11
1.62858e-12
5.57921e-13
3.56477e-13
1.14562e-13
1.1427e-13
1.14223e-13
1.14215e-13
1.14215e-13
1.14215e-13
1.14215e-13
1.14215e-13
1.14215e-13
1.14215e-13
1.14215e-13
1.14215e-13
1.14215e-13
1.14215e-13
1.14215e-13
1.14215e-13
1.14215e-13
1.14215e-13
1.14215e-13
1.14215e-13
1.14215e-13
1.14215e-13
0.225851
0.666618
0.653225
0.659188
0.666334
0.675346
0.686183
0.698828
0.713259
0.729453
0.747382
0.767017
0.788324
0.811269
0.835813
0.861917
0.889538
0.918631
0.94915
0.981048
1.01427
1.04878
1.0845
1.1214
1.15942
1.1985
1.23859
1.27962
1.32155
1.36432
1.40787
1.45214
1.49708
1.54263
