78.0363
84.1878
92.7888
103.229
115.008
127.757
141.213
155.193
169.566
184.241
199.151
214.247
229.493
244.859
260.326
275.875
291.594
307.358
323.16
338.996
354.859
370.748
386.658
402.587
418.533
434.493
450.466
466.451
482.446
498.451
514.463
530.483
540.773
539.59
538.406
537.223
536.04
534.856
533.673
532.49
531.307
530.124
528.941
527.758
526.575
525.392
524.21
523.027
521.844
520.662
519.48
518.297
517.115
515.933
514.751
513.569
512.388
511.206
510.025
508.844
507.663
506.482
505.301
504.12
502.94
501.76
482.977
464.302
445.739
427.275
408.923
390.699
372.622
354.713
337
319.455
302.147
285.117
268.42
252.12
236.3
221.063
206.538
192.885
180.303
169.031
159.346
151.553
145.955
142.81
142.281
144.396
149.04
155.708
163.942
173.519
184.231
195.891
208.342
211.655
210.172
208.689
207.207
205.726
204.245
202.765
201.286
199.807
198.329
196.853
195.377
193.902
192.428
190.955
189.483
188.012
186.542
185.074
183.606
182.14
180.675
179.212
177.75
176.289
174.83
173.372
171.917
170.462
169.01
167.559
166.111
164.664
161.193
154.895
150.603
148.485
148.343
149.95
153.251
158.14
164.473
172.092
180.833
190.542
201.078
212.318
224.155
236.5
249.276
262.421
275.881
289.613
303.578
317.747
332.092
346.591
361.226
375.981
390.841
405.795
420.833
435.945
451.125
466.364
481.658
497.001
