0.927763
0.210287
0.206406
0.197361
0.186158
0.172762
0.157204
0.139528
0.119795
0.0981036
0.0746455
0.0499597
0.026729
0.0236365
0.0486873
0.0806171
0.11532
0.152071
0.190617
0.230819
0.272579
0.315812
0.360438
0.406382
0.453571
0.50193
0.551388
0.601872
0.653309
0.70563
0.758763
0.812638
0.555203
0.0310403
0.00173412
9.69155e-05
5.41938e-06
3.03319e-07
1.69996e-08
9.54545e-10
5.39679e-11
3.03166e-12
5.37444e-13
1.83833e-13
4.56857e-13
2.2237e-13
2.70823e-13
1.99875e-14
3.49101e-13
2.13389e-13
1.44047e-13
9.70821e-14
4.19737e-13
4.75363e-13
4.26825e-13
1.82743e-13
4.19893e-13
2.76247e-13
3.80791e-13
3.36605e-13
1.79229e-13
1.63555e-13
1.14214e-13
4.57748e-14
1.25668e-13
4.39252e-13
0.934748
0.844879
0.807512
0.769405
0.73312
0.698627
0.666008
0.635335
0.60668
0.580112
0.555695
0.53349
0.513555
0.495943
0.480701
0.467875
0.457503
0.44962
0.444252
0.441426
0.441157
0.443459
0.448338
0.455795
0.465826
0.47842
0.493561
0.511228
0.531394
0.554024
0.579083
0.606526
0.636305
0.213438
0.00833462
0.000326156
1.28091e-05
5.04996e-07
1.99921e-08
7.94739e-10
3.16042e-11
1.11054e-12
5.6897e-14
1.41858e-13
1.03907e-13
4.35851e-14
1.47516e-13
1.00428e-13
1.32584e-13
1.08787e-13
4.54228e-14
1.47516e-13
1.01124e-13
4.23758e-14
1.47516e-13
1.00428e-13
1.32584e-13
1.08787e-13
4.48072e-14
1.46884e-13
1.00428e-13
1.32584e-13
1.08787e-13
4.48072e-14
1.46884e-13
1.00428e-13
0.220424
0.650884
0.638318
0.644271
0.651458
0.660514
0.671398
0.684093
0.698579
0.714831
0.732822
0.752522
0.773897
0.796913
0.821531
0.847712
0.875412
0.904588
0.935192
0.967176
1.00049
1.03509
1.07091
1.1079
1.14601
1.18519
1.22538
1.26651
1.30854
1.35141
1.39507
1.43944
1.48449
1.53015
