68.5241
63.7826
60.9639
60.4333
62.2695
66.2787
72.1019
79.3636
87.4633
95.6273
103.747
111.819
119.846
127.828
135.763
143.65
151.487
159.272
167.003
174.679
182.297
189.856
197.354
204.789
212.159
219.462
226.697
233.862
240.954
247.972
254.913
261.777
262.929
252.771
242.582
232.362
222.111
211.83
201.519
191.179
180.81
170.413
159.988
149.536
139.057
128.553
118.024
107.47
96.8922
86.291
75.6672
65.0214
54.3611
43.6911
33.0135
22.8526
13.5451
5.03217
0.477438
0.0454533
0.00433719
0.000415047
3.98561e-05
3.84327e-06
3.72443e-07
3.63029e-08
8.14552
15.6328
22.6775
29.3363
36
42.7336
49.5339
56.3988
63.3266
70.3155
77.3636
84.4692
91.6304
98.8388
106.089
113.379
120.71
128.078
135.482
142.92
150.389
157.887
165.411
172.961
180.533
188.125
195.736
203.363
211.005
218.658
226.322
233.993
241.671
237.638
227.771
217.947
208.152
198.374
188.611
178.86
169.117
159.382
149.652
139.926
130.201
120.476
110.748
101.006
91.2567
81.5012
71.7403
61.9748
52.2053
42.4328
32.6959
23.4977
14.8102
6.60632
0.139359
0.0121176
0.00105365
9.16187e-05
7.96665e-06
6.92747e-07
6.02397e-08
5.23859e-09
0.386206
8.5755
17.0353
25.019
32.5492
40.0209
47.4742
54.9038
62.3038
69.6677
76.9884
84.2601
91.4807
98.6481
105.768
112.838
119.857
126.825
133.739
140.599
147.401
154.144
160.827
167.447
174.003
180.494
186.916
193.269
199.55
205.759
211.892
217.948
223.926
229.823
