58.292
42.3312
28.203
20.1922
21.4464
23.1633
24.7829
26.3044
27.7269
29.0494
30.271
31.3905
32.4069
33.319
34.1259
34.8264
35.4197
35.9049
36.2813
36.5484
36.7059
36.7536
36.6916
36.5204
36.2405
35.853
35.359
34.7602
34.0585
33.2561
32.3556
31.3597
25.1487
8.97841
0.566707
0.0360416
0.00229181
0.000145778
9.27574e-06
5.90446e-07
3.76024e-08
2.396e-09
1.52654e-10
9.68452e-12
5.16654e-13
1.84165e-13
3.96679e-13
3.65485e-13
1.02156e-13
9.57289e-14
7.7674e-14
2.10601e-13
3.2706e-13
3.28701e-13
2.8622e-13
1.50767e-13
8.2361e-13
2.77014e-13
1.55348e-13
1.93828e-13
1.31346e-13
1.31346e-13
1.44471e-13
2.3985e-13
3.62664e-13
9.57289e-14
1.69699
2.95508
4.25195
5.55417
6.85544
8.15262
9.44366
10.7269
12.0009
13.2641
14.5152
15.7527
16.9751
18.1809
19.3683
20.5359
21.6818
22.8043
23.9015
24.9715
26.0122
27.0215
27.9974
28.9375
29.8397
30.7015
31.5206
32.2945
33.0207
33.6967
34.3199
34.8876
35.3974
24.7485
8.96625
0.404029
0.0182501
0.000824355
3.72396e-05
1.68245e-06
7.60222e-08
3.4359e-09
1.55574e-10
7.07073e-12
3.71418e-13
3.78722e-13
2.42705e-13
2.54687e-13
1.44047e-13
2.1582e-13
1.12424e-13
1.67136e-13
1.11066e-13
1.68786e-13
1.08353e-13
1.68786e-13
1.08353e-13
1.68786e-13
1.08353e-13
1.68786e-13
1.08353e-13
1.68786e-13
1.08353e-13
1.68786e-13
1.08353e-13
1.68786e-13
0.260192
1.53913
3.26119
4.90554
6.47163
7.95887
9.36657
10.694
11.9404
13.1051
14.1871
15.1857
16.1001
16.9295
17.6732
18.3305
18.9007
19.3834
19.7781
20.0844
20.3021
20.4312
20.4717
20.4238
20.2878
20.0645
19.7544
19.3585
18.8778
18.3138
17.6676
16.9412
16.1361
15.2544
