8.32145
0.16077
0.194053
0.186479
0.175325
0.161962
0.146445
0.128823
0.109168
0.087599
0.0643846
0.0404137
0.0212919
0.0305753
0.0584581
0.0908184
0.125613
0.162366
0.200881
0.241038
0.282744
0.325915
0.370476
0.416352
0.46347
0.511756
0.561139
0.611545
0.662904
0.715145
0.768197
0.821989
0.561053
0.0317217
0.0017922
0.000101293
5.72822e-06
3.24232e-07
1.83775e-08
1.04393e-09
5.96828e-11
3.06819e-12
4.55176e-13
1.84165e-13
2.20159e-13
5.99625e-14
1.00912e-13
9.35319e-14
9.57289e-14
3.76734e-13
1.38507e-13
2.15499e-13
8.71702e-14
1.09885e-13
7.23037e-13
6.39759e-13
1.8908e-13
1.55348e-13
1.08503e-13
6.8538e-13
3.29642e-13
5.99625e-14
4.24527e-13
2.53998e-13
4.87923e-14
1.91309e-13
0.946235
0.855241
0.81804
0.780002
0.743788
0.709364
0.676809
0.646198
0.617602
0.591088
0.566722
0.544565
0.524673
0.5071
0.491894
0.4791
0.468755
0.460894
0.455547
0.452735
0.452477
0.454785
0.459667
0.467123
0.477148
0.489732
0.50486
0.522509
0.542652
0.565256
0.590285
0.617694
0.647436
0.216598
0.00859667
0.000341929
1.3649e-05
5.46957e-07
2.20097e-08
8.89317e-10
3.54485e-11
1.29602e-12
2.53815e-13
1.36999e-13
2.10728e-13
1.13794e-13
1.72182e-13
1.14448e-13
1.72182e-13
1.14448e-13
1.72182e-13
1.14448e-13
1.72182e-13
1.14448e-13
1.72182e-13
1.14448e-13
1.72182e-13
1.14448e-13
1.72182e-13
1.14448e-13
1.72182e-13
1.14448e-13
1.72182e-13
1.14448e-13
1.72182e-13
1.14448e-13
0.224029
0.661419
0.648315
0.65429
0.661466
0.670508
0.681376
0.694052
0.708516
0.724743
0.742705
0.762374
0.783716
0.806696
0.831276
0.857416
0.885073
0.914202
0.944758
0.976693
1.00996
1.0445
1.08026
1.1172
1.15525
1.19437
1.23449
1.27556
1.31752
1.36033
1.40391
1.44822
1.49319
1.53878
