76.6246
81.1644
88.1193
96.9713
107.252
118.591
130.712
143.418
156.567
170.055
183.808
197.771
211.902
226.169
240.713
255.326
269.984
284.682
299.413
314.172
328.954
343.757
358.577
373.412
388.261
403.12
417.988
432.865
447.749
462.638
477.533
492.431
501.584
499.243
496.902
494.562
492.223
489.885
487.548
485.216
482.886
480.554
478.221
475.886
473.548
471.208
468.865
466.52
464.172
461.821
459.468
457.113
454.755
452.394
450.031
447.665
445.297
442.926
440.553
438.177
435.799
433.418
431.035
428.649
426.261
423.87
404.03
384.273
364.613
345.066
325.652
306.396
287.331
268.495
249.817
231.406
213.331
195.684
178.591
162.227
146.835
132.752
120.437
110.48
103.564
100.316
101.089
105.479
112.009
120.268
129.931
140.709
152.368
164.723
177.63
190.977
204.681
218.675
232.907
235.598
232.448
229.296
226.141
222.983
219.823
216.66
213.494
210.326
207.155
203.981
200.805
197.627
194.446
191.262
188.076
184.888
181.697
178.504
175.308
172.11
168.91
165.707
162.502
159.295
156.085
152.874
149.659
146.443
143.225
140.004
136.781
133.556
126.145
111.192
97.9245
87.1178
79.7825
76.6632
76.4712
79.1884
84.5324
92.0449
101.242
111.708
123.116
135.228
147.868
160.912
174.267
187.866
201.658
215.606
229.679
243.855
258.128
272.572
287.045
301.542
316.058
330.588
345.131
359.684
374.243
388.808
403.378
417.949
